Mass,x_pos,y_pos,x_vel,y_vel,radius
146 
100000.000000,43147.082031,46404.964844,576.777283,633.429321,10.000000
100000.000000,57294.089844,58155.566406,759.141846,791.386230,10.000000
100000.000000,-78057.257812,8279.945312,-1084.053955,86.223732,10.000000
100000.000000,36187.433594,84264.531250,370.805786,1227.918213,10.000000
100000.000000,24713.029297,73020.804688,294.087463,910.824097,10.000000
100000.000000,40025.550781,83048.492188,463.399353,1162.579102,10.000000
100000.000000,37436.812500,40520.812500,501.812927,552.424438,10.000000
100000.000000,16308.110352,7906.593262,208.375519,76.875519,10.000000
100000.000000,98494.421875,73425.375000,1312.073853,983.336365,10.000000
100000.000000,38974.210938,42670.554688,521.906921,581.964050,10.000000
100000.000000,-45123.703125,151548.828125,-632.831970,2047.796021,10.000000
100000.000000,-45133.855469,39737.285156,-670.967590,496.256134,10.000000
100000.000000,37838.566406,61960.527344,504.070465,855.326782,10.000000
100000.000000,19615.285156,70114.859375,232.425369,903.262512,10.000000
100000.000000,25588.953125,30454.392578,344.203217,414.674500,10.000000
100000.000000,-23209.544922,51974.046875,-356.259308,670.102234,10.000000
100000.000000,26776.929688,31004.640625,360.062653,422.089020,10.000000
100000.000000,44463.074219,68626.679688,581.968994,948.280273,10.000000
100000.000000,144625.109375,124596.023438,1935.210815,1667.706421,10.000000
100000.000000,39088.792969,73809.468750,594.225403,863.618591,10.000000
100000.000000,414766.062500,432862.937500,5562.693848,5805.766602,10.000000
100000.000000,471308.937500,398162.906250,6321.525391,5339.733398,10.000000
100000.000000,474197.437500,408486.000000,6360.082031,5478.114746,10.000000
100000.000000,177048.843750,156740.515625,2370.694336,2098.700928,10.000000
100000.000000,31884.955078,80782.468750,424.031403,881.627747,10.000000
100000.000000,-19010.562500,127704.726562,-403.327087,1821.626709,10.000000
100000.000000,37174.816406,53525.359375,496.401764,732.989014,10.000000
100000.000000,80871.484375,95375.203125,1069.974976,1273.572144,10.000000
100000.000000,43908.660156,67720.703125,575.564026,935.006165,10.000000
100000.000000,33291.914062,83210.835938,473.870728,1235.759766,10.000000
100000.000000,41988.019531,58794.886719,557.463806,806.907410,10.000000
100000.000000,61183.769531,-27158.177734,827.460205,-421.156219,10.000000
100000.000000,9926.705078,70167.632812,116.967575,926.863037,10.000000
100000.000000,-11043.176758,47277.347656,-283.385376,518.468567,10.000000
100000.000000,34915.007812,37641.726562,467.461487,511.896210,10.000000
100000.000000,-10161.750000,74936.164062,-270.980499,968.085999,10.000000
100000.000000,-2923.286621,91325.664062,-148.431381,1234.184692,10.000000
100000.000000,35810.507812,54732.437500,478.367096,749.972046,10.000000
100000.000000,20448.912109,68931.476562,232.710419,866.439636,10.000000
100000.000000,42135.367188,63041.238281,557.098877,867.918640,10.000000
100000.000000,1541.202515,177719.109375,-42.902000,2540.331299,10.000000
100000.000000,9543.630859,174836.890625,111.954865,2373.163818,10.000000
100000.000000,32632.259766,43884.398438,436.784241,597.942444,10.000000
100000.000000,39695.964844,73912.421875,513.430359,1036.012573,10.000000
100000.000000,34969.433594,60760.585938,467.105042,836.722900,10.000000
100000.000000,22000.744141,30394.365234,295.146484,413.148010,10.000000
100000.000000,27982.798828,38297.433594,374.980408,520.940674,10.000000
100000.000000,21914.744141,33542.539062,293.821350,456.029083,10.000000
100000.000000,20174.207031,27271.640625,270.809143,370.778717,10.000000
100000.000000,31839.376953,35662.093750,426.448700,484.630432,10.000000
100000.000000,22031.380859,28006.173828,295.711914,380.587494,10.000000
100000.000000,526617.062500,451077.968750,7062.888672,6049.032227,10.000000
100000.000000,38112.500000,32018.675781,509.871643,434.167236,10.000000
100000.000000,31281.750000,26189.943359,419.416199,354.911438,10.000000
100000.000000,36409.109375,59134.902344,485.448273,812.581116,10.000000
100000.000000,19801.496094,83471.992188,306.786865,1116.925293,10.000000
100000.000000,38488.953125,67574.031250,508.498138,937.449829,10.000000
100000.000000,27824.105469,46309.828125,372.844116,631.059204,10.000000
100000.000000,31290.599609,38465.367188,418.811829,522.891663,10.000000
100000.000000,26854.833984,40151.343750,359.705627,546.085999,10.000000
100000.000000,23887.660156,29726.951172,320.288605,403.652283,10.000000
100000.000000,31195.869141,31337.880859,417.840607,425.192261,10.000000
100000.000000,28485.267578,46099.648438,381.576447,628.128052,10.000000
100000.000000,21466.539062,33090.636719,287.599121,449.572998,10.000000
100000.000000,23337.802734,23444.179688,313.473053,318.080231,10.000000
100000.000000,31262.396484,25922.519531,419.056702,351.167267,10.000000
100000.000000,-31710.058594,24905.798828,-442.978973,318.394104,10.000000
100000.000000,-30.660007,115155.164062,-11.057074,1540.050293,10.000000
100000.000000,26897.306641,48024.261719,360.604919,654.602783,10.000000
100000.000000,22797.826172,39829.222656,305.397980,541.456848,10.000000
100000.000000,40746.429688,35485.273438,544.308716,481.308075,10.000000
100000.000000,34029.218750,36627.378906,455.151215,497.404419,10.000000
100000.000000,20166.414062,32039.128906,270.092041,435.213257,10.000000
100000.000000,22922.533203,33692.625000,307.050018,457.617523,10.000000
100000.000000,19629.810547,72511.390625,271.889557,974.395203,10.000000
100000.000000,23148.078125,27319.703125,310.433167,370.781311,10.000000
100000.000000,38863.121094,48397.816406,518.258850,659.765564,10.000000
100000.000000,24744.767578,24481.777344,332.070618,331.960999,10.000000
100000.000000,20395.509766,25835.064453,273.597321,350.830170,10.000000
100000.000000,38199.730469,56652.859375,508.575867,776.216125,10.000000
100000.000000,20630.498047,25091.802734,276.825562,340.686707,10.000000
100000.000000,24225.994141,37957.437500,324.410889,515.748657,10.000000
100000.000000,32467.929688,43952.175781,434.141113,598.234802,10.000000
100000.000000,35725.972656,49676.660156,476.962219,677.783691,10.000000
100000.000000,28898.964844,34488.070312,386.866272,468.177460,10.000000
100000.000000,-26796.361328,-1825.512207,-406.981720,-87.898064,10.000000
100000.000000,28586.689453,35407.777344,382.639893,480.743500,10.000000
100000.000000,28640.044922,43468.152344,383.328705,591.433411,10.000000
100000.000000,32534.996094,86600.617188,162.014496,1007.042114,10.000000
100000.000000,20724.908203,27245.703125,277.802460,369.862518,10.000000
100000.000000,33175.046875,27246.349609,444.136047,368.916626,10.000000
100000.000000,17496.199219,22742.568359,234.851776,309.099487,10.000000
100000.000000,23405.847656,40473.832031,313.421204,550.032959,10.000000
100000.000000,30032.099609,39394.253906,401.758545,535.301819,10.000000
100000.000000,34134.082031,56101.308594,456.006378,768.401611,10.000000
100000.000000,18112.468750,22870.718750,243.120575,310.718994,10.000000
100000.000000,23459.156250,37625.882812,314.049500,511.041656,10.000000
100000.000000,21940.355469,32253.826172,293.769409,437.818756,10.000000
100000.000000,-2093299.375000,98195.117188,-28105.726562,1311.012085,10.000000
100000.000000,-233410.406250,-73889.835938,-3140.491455,-999.159058,10.000000
100000.000000,61625.007812,495616.187500,821.112549,6646.277832,10.000000
100000.000000,4921629.000000,8662049.000000,66056.062500,116262.015625,10.000000
100000.000000,1889.903076,23747.068359,20.489811,315.817902,10.000000
100000.000000,-11761.949219,-10766.863281,-162.320999,-148.099365,10.000000
100000.000000,-2144.546387,-4182.519531,-33.429134,-60.079632,10.000000
100000.000000,-21457.390625,-18761.541016,-291.861389,-254.911087,10.000000
100000.000000,-256.016388,5556.005859,-8.234995,70.272644,10.000000
100000.000000,-1069.133057,42493.906250,-18.028587,564.916016,10.000000
100000.000000,-7821.075684,-6240.519043,-108.874580,-86.933983,10.000000
100000.000000,-6809.415527,12322.916016,-95.980782,160.870056,10.000000
100000.000000,-18324.250000,-19031.970703,-248.283997,-256.900452,10.000000
100000.000000,13610.641602,21816.289062,176.908768,288.038879,10.000000
100000.000000,-13228.244141,4675.120117,-181.343155,58.929245,10.000000
100000.000000,-9343.813477,7636.712402,-129.669693,98.329514,10.000000
100000.000000,-16868.539062,-20340.853516,-228.892807,-274.343689,10.000000
100000.000000,10634.303711,63012.117188,145.088562,844.357910,10.000000
100000.000000,-1150.169067,22819.687500,-20.316471,301.221741,10.000000
100000.000000,-7655.084961,9344.005859,-107.180595,121.069954,10.000000
100000.000000,-60.765030,7452.386719,-5.652615,95.599327,10.000000
100000.000000,-26059.673828,-15945.544922,-351.100983,-215.621323,10.000000
100000.000000,-8583.317383,58.157444,-119.239265,-2.903017,10.000000
100000.000000,306.062195,23956.261719,-0.780192,316.467804,10.000000
100000.000000,7181.955078,16065.712891,91.059921,210.801590,10.000000
100000.000000,10349.440430,29302.095703,133.657501,388.588928,10.000000
100000.000000,-4903.377441,27427.839844,-70.565903,362.819336,10.000000
100000.000000,-6026.857910,26555.000000,-85.684502,351.117767,10.000000
100000.000000,-6099.129883,22306.769531,-86.666649,294.305450,10.000000
100000.000000,-29387.972656,-27598.566406,-394.995056,-370.504486,10.000000
100000.000000,-5825.642090,22218.363281,-82.976387,293.122467,10.000000
100000.000000,4916.931641,12839.013672,60.814857,167.570923,10.000000
100000.000000,-24181.597656,-14803.476562,-326.211487,-200.470459,10.000000
100000.000000,-3159.002197,11753.194336,-47.122601,153.137115,10.000000
100000.000000,9547.088867,12107.266602,122.690842,157.740082,10.000000
100000.000000,-4758.194824,32713.189453,-68.379005,433.510681,10.000000
100000.000000,-2536.823486,29242.941406,-38.706333,387.153595,10.000000
100000.000000,-10375.622070,-2968.229248,-143.033661,-43.233109,10.000000
100000.000000,-783.820312,20594.388672,-15.399459,271.384949,10.000000
100000.000000,5823.675293,5928.078125,73.032829,75.093529,10.000000
100000.000000,-2007.599121,39616.964844,-30.867319,526.149536,10.000000
100000.000000,-6195.168457,13950.267578,-87.789833,182.545425,10.000000
100000.000000,2207.524414,4038.797119,24.746267,49.910202,10.000000
100000.000000,-12010.637695,-14714.663086,-164.426498,-199.660614,10.000000
100000.000000,-4969.161621,22171.585938,-71.467796,292.458160,10.000000
100000.000000,1403.531860,24979.296875,13.961934,330.139404,10.000000
100000.000000,-6197.295898,20853.003906,-87.944260,274.820679,10.000000
100000.000000,-15742.166992,-1640.184204,-214.550507,-25.321264,10.000000
100000.000000,-61.952236,29098.230469,-5.509992,385.280640,10.000000
100000.000000,-25866.373047,-23702.587891,-348.351532,-318.808380,10.000000
100000.000000,9283.759766,26175.880859,119.356400,346.449158,10.000000
100000.000000,-23888.173828,-6192.315918,-322.569153,-85.758575,10.000000
100000.000000,4034.443359,64506.953125,56.517384,861.022583,10.000000
100000.000000,-10120.401367,-14531.685547,-139.259079,-197.284470,10.000000
100000.000000,-4900.932129,38688.773438,-69.784042,513.379150,10.000000
100000.000000,3609.995850,22159.833984,43.437260,292.369720,10.000000
100000.000000,-322.762848,15332.177734,-9.215073,200.910400,10.000000
100000.000000,-17532.312500,3452.819092,-238.577896,42.744320,10.000000
100000.000000,5320.288574,37935.718750,67.210083,504.276642,10.000000
100000.000000,2579.734863,67954.437500,38.198574,906.117737,10.000000
100000.000000,8428.247070,43092.863281,109.401520,574.113892,10.000000
100000.000000,-2633.817627,-3025.582031,-39.746113,-44.285183,10.000000
100000.000000,-35525.628906,-35568.351562,-476.274353,-476.239319,10.000000
100000.000000,-2458.911865,32800.164062,-37.419838,434.685425,10.000000
100000.000000,-11632.920898,-8157.196777,-159.613708,-112.384720,10.000000
100000.000000,-13229.332031,3500.183594,-181.333954,43.159702,10.000000
100000.000000,-7128.686035,18993.019531,-100.385880,249.896164,10.000000
100000.000000,-2101.032715,5925.890137,-32.842400,75.170181,10.000000
100000.000000,-5507.510254,39801.062500,-77.780815,528.126465,10.000000
100000.000000,11447.529297,38553.644531,149.132202,513.213867,10.000000
100000.000000,-5812.975098,11055.494141,-82.592346,143.767746,10.000000
100000.000000,-658.942444,-2523.723877,-13.373087,-37.647003,10.000000
100000.000000,-17202.742188,-11987.560547,-233.612717,-163.214218,10.000000
100000.000000,-3066.360596,8144.290527,-45.790085,104.814507,10.000000
100000.000000,-9965.532227,21726.748047,-138.607239,286.461578,10.000000
100000.000000,-13215.084961,15133.965820,-181.896042,198.625977,10.000000
100000.000000,-9216.215820,6117.966797,-127.911827,77.924400,10.000000
100000.000000,-19358.972656,-25815.638672,-261.877625,-347.053925,10.000000
100000.000000,-16647.011719,5656.243164,-226.938217,72.118416,10.000000
100000.000000,-166.067001,31939.345703,-6.662790,423.257050,10.000000
100000.000000,1476.240601,7310.064453,14.963903,93.582764,10.000000
100000.000000,3840.779541,23687.044922,46.617405,312.784760,10.000000
100000.000000,-11786.333984,16356.814453,-162.810577,214.827576,10.000000
100000.000000,-27140.931641,-22573.523438,-365.308014,-303.771179,10.000000
100000.000000,-6394.532715,19503.833984,-90.502380,256.670715,10.000000
100000.000000,2882.205811,26647.091797,33.907108,352.436096,10.000000
100000.000000,-14341.962891,-15956.708008,-195.428116,-216.128937,10.000000
100000.000000,-6536.560059,-7768.255371,-91.677734,-107.366898,10.000000
100000.000000,-7336.794922,10986.528320,-102.933403,142.877899,10.000000
100000.000000,-12359.996094,15433.422852,-170.414871,202.518387,10.000000
100000.000000,-10845.208008,5744.794922,-149.625839,72.998940,10.000000
100000.000000,-2368.342285,38334.179688,-35.648491,508.758179,10.000000
100000.000000,-30385.474609,-25052.712891,-408.301117,-336.649872,10.000000
100000.000000,-18958.775391,-247.187561,-257.379730,-6.634474,10.000000
100000.000000,-29976.156250,-16640.341797,-403.057129,-224.778427,10.000000
100000.000000,-23887.498047,-5591.202637,-322.595245,-77.754868,10.000000
100000.000000,-10921.736328,18757.525391,-151.244492,246.802841,10.000000
100000.000000,-7146.175781,18257.935547,-100.506920,240.013763,10.000000
100000.000000,-2595.690918,27570.816406,-39.355076,364.595062,10.000000
100000.000000,-6278.020996,35876.746094,-88.331711,475.501678,10.000000
