Mass,x_pos,y_pos,x_vel,y_vel,radius
210 
100000.000000,61598.910156,66693.234375,576.498169,634.451050,10.000000
100000.000000,81571.109375,83497.195312,758.285645,792.337036,10.000000
100000.000000,-112745.562500,11040.105469,-1083.975708,86.278748,10.000000
100000.000000,46741.699219,120322.304688,542.939819,1033.853394,10.000000
100000.000000,34192.039062,102280.796875,297.727417,916.917358,10.000000
100000.000000,54289.371094,120440.531250,429.054626,1173.555542,10.000000
100000.000000,53493.128906,58213.691406,501.718719,553.268250,10.000000
100000.000000,22977.142578,10371.516602,208.431366,77.145012,10.000000
100000.000000,140473.859375,104893.445312,1311.691284,983.408264,10.000000
100000.000000,55672.707031,61309.996094,521.767029,582.879822,10.000000
100000.000000,-65371.984375,217076.296875,-632.703125,2047.687012,10.000000
100000.000000,-66601.492188,55619.460938,-670.785339,496.364502,10.000000
100000.000000,53956.816406,89383.687500,503.400604,858.249939,10.000000
100000.000000,27100.191406,99077.273438,234.995712,906.422302,10.000000
100000.000000,36604.714844,43734.160156,344.272247,415.235962,10.000000
100000.000000,-34603.507812,73421.187500,-355.911591,670.314087,10.000000
100000.000000,38300.011719,44521.933594,360.121765,422.665619,10.000000
100000.000000,63043.558594,99032.210938,579.598450,951.644409,10.000000
100000.000000,206549.718750,177961.875000,1935.092896,1667.665649,10.000000
100000.000000,58033.535156,101572.812500,590.555969,870.234436,10.000000
100000.000000,592772.812500,618646.937500,5562.693848,5805.766602,10.000000
100000.000000,673596.937500,569034.875000,6321.525391,5339.733398,10.000000
100000.000000,677720.937500,583786.000000,6360.082031,5478.114746,10.000000
100000.000000,252909.968750,223898.437500,2370.633545,2098.670898,10.000000
100000.000000,45533.492188,109772.656250,427.458923,918.594177,10.000000
100000.000000,-31911.628906,185992.421875,-403.034576,1821.389648,10.000000
100000.000000,53055.375000,77010.718750,496.161926,734.630981,10.000000
100000.000000,115097.750000,136127.000000,1069.262085,1273.432861,10.000000
100000.000000,62289.003906,97700.757812,573.462891,938.327454,10.000000
100000.000000,45635.378906,120548.132812,509.153229,1141.464600,10.000000
100000.000000,59813.949219,84652.765625,556.746399,808.945251,10.000000
100000.000000,87661.945312,-40632.921875,827.428833,-421.032288,10.000000
100000.000000,13703.802734,99851.109375,118.842438,928.175171,10.000000
100000.000000,-20104.781250,63874.308594,-283.021637,518.791626,10.000000
100000.000000,49873.089844,54036.074219,467.423157,512.649841,10.000000
100000.000000,-18817.949219,105918.820312,-270.159668,968.297668,10.000000
100000.000000,-7649.628906,130816.039062,-147.160873,1233.993042,10.000000
100000.000000,51114.785156,78764.039062,478.173706,751.769043,10.000000
100000.000000,27936.082031,96714.554688,234.893784,869.525330,10.000000
100000.000000,59942.093750,90863.054688,555.962524,870.599731,10.000000
100000.000000,169.398422,259006.546875,-42.844246,2540.160400,10.000000
100000.000000,13127.127930,250774.484375,112.006668,2372.963867,10.000000
100000.000000,46609.261719,63036.656250,436.780640,598.941223,10.000000
100000.000000,56036.714844,107212.015625,508.369019,1044.300659,10.000000
100000.000000,49911.839844,87586.031250,466.826721,839.510376,10.000000
100000.000000,31447.287109,43624.933594,295.248657,413.689575,10.000000
100000.000000,39983.492188,54981.433594,375.052734,521.707153,10.000000
100000.000000,31319.244141,48146.402344,293.943237,456.633575,10.000000
100000.000000,28841.927734,39145.257812,270.909576,371.258240,10.000000
100000.000000,45485.886719,51182.902344,426.457489,485.327179,10.000000
100000.000000,31495.804688,40194.042969,295.802002,381.087494,10.000000
100000.000000,752629.062500,644646.750000,7062.888672,6049.032227,10.000000
100000.000000,54427.269531,45922.832031,509.809509,434.762695,10.000000
100000.000000,44703.250000,37556.042969,419.426086,355.403656,10.000000
100000.000000,51937.144531,85180.960938,485.095917,814.987244,10.000000
100000.000000,29815.021484,119253.429688,317.933960,1119.220581,10.000000
100000.000000,54733.753906,97655.750000,506.974640,942.090637,10.000000
100000.000000,39757.484375,66523.656250,372.973969,632.159851,10.000000
100000.000000,44692.941406,55212.058594,418.831726,523.672302,10.000000
100000.000000,38367.261719,57640.976562,359.806976,546.907349,10.000000
100000.000000,34138.390625,42653.578125,320.370880,404.189880,10.000000
100000.000000,44567.015625,44954.730469,417.854675,425.781647,10.000000
100000.000000,40697.726562,66219.570312,381.686768,629.222595,10.000000
100000.000000,30671.953125,47487.683594,287.722412,450.163818,10.000000
100000.000000,33370.105469,33630.648438,313.536865,318.515991,10.000000
100000.000000,44672.394531,37168.703125,419.066742,351.654694,10.000000
100000.000000,-45882.460938,35097.195312,-442.817780,318.547424,10.000000
100000.000000,-372.064148,164425.703125,-10.372442,1539.439209,10.000000
100000.000000,38439.863281,68993.062500,360.780670,655.790955,10.000000
100000.000000,32573.529297,57169.894531,305.561279,542.232544,10.000000
100000.000000,58162.347656,50899.175781,544.200317,481.972046,10.000000
100000.000000,48593.667969,52557.414062,455.128876,498.126740,10.000000
100000.000000,28811.683594,45976.125000,270.220276,435.773773,10.000000
100000.000000,32750.181641,48347.500000,307.162445,458.230621,10.000000
100000.000000,28393.953125,103758.789062,275.414734,978.107178,10.000000
100000.000000,33083.371094,39193.632812,310.511749,371.273743,10.000000
100000.000000,55443.750000,69532.046875,518.056152,660.965576,10.000000
100000.000000,35372.066406,35112.773438,332.127838,332.415192,10.000000
100000.000000,29152.296875,37069.945312,273.689575,351.288330,10.000000
100000.000000,54467.347656,81527.148438,508.196136,778.172974,10.000000
100000.000000,29490.509766,36001.910156,276.913116,341.135376,10.000000
100000.000000,34609.437500,54474.632812,324.537079,516.479492,10.000000
100000.000000,46360.429688,63113.781250,434.142426,599.233643,10.000000
100000.000000,50986.664062,71389.734375,476.844940,679.110046,10.000000
100000.000000,41279.531250,49481.679688,386.912567,468.836487,10.000000
100000.000000,-39818.203125,-4635.925781,-406.895569,-87.770546,10.000000
100000.000000,40832.132812,50803.933594,382.692871,481.425690,10.000000
100000.000000,40908.171875,62411.480469,383.416687,592.397217,10.000000
100000.000000,46538.933594,123094.671875,39.346802,1442.467896,10.000000
100000.000000,29616.343750,39090.011719,277.898956,370.343018,10.000000
100000.000000,47387.296875,39060.925781,444.130371,369.426025,10.000000
100000.000000,25013.203125,32641.091797,234.947983,309.504395,10.000000
100000.000000,33438.246094,58089.414062,313.581940,550.834839,10.000000
100000.000000,42889.164062,56538.546875,401.801758,536.109619,10.000000
100000.000000,48724.386719,80725.960938,455.899475,770.382263,10.000000
100000.000000,25894.017578,32821.144531,243.213913,311.127869,10.000000
100000.000000,33511.171875,53992.156250,314.183563,511.756531,10.000000
100000.000000,31343.037109,46274.468750,293.882965,438.394287,10.000000
100000.000000,-2992675.500000,140147.515625,-28105.726562,1311.012085,10.000000
100000.000000,-333906.406250,-105862.835938,-3140.475830,-999.149658,10.000000
100000.000000,87900.507812,708296.187500,821.112549,6646.277832,10.000000
100000.000000,7035421.000000,12382433.000000,66056.062500,116262.015625,10.000000
100000.000000,2548.470947,33859.125000,20.649328,316.142242,10.000000
100000.000000,-16955.060547,-15503.498047,-162.256912,-147.959198,10.000000
100000.000000,-3213.062256,-6101.903320,-33.362095,-59.905197,10.000000
100000.000000,-30795.910156,-26916.671875,-291.803802,-254.799301,10.000000
100000.000000,-513.900452,7773.320312,-8.149878,70.481697,10.000000
100000.000000,-1630.992432,60296.675781,-17.689581,565.359741,10.000000
100000.000000,-11249.420898,-8976.183594,-108.807129,-86.779533,10.000000
100000.000000,-9830.767578,17394.160156,-95.866180,161.085495,10.000000
100000.000000,-26144.218750,-27122.318359,-248.229294,-256.787140,10.000000
100000.000000,19185.181641,30895.980469,177.016022,288.401581,10.000000
100000.000000,-18938.839844,6534.438477,-181.247253,59.100182,10.000000
100000.000000,-13426.599609,10737.491211,-129.568207,98.520088,10.000000
100000.000000,-24077.726562,-28980.660156,-228.840378,-274.230560,10.000000
100000.000000,15224.566406,89630.835938,146.212601,845.565918,10.000000
100000.000000,-1787.370972,32313.380859,-20.161308,301.514008,10.000000
100000.000000,-11029.397461,13161.304688,-107.075264,121.271530,10.000000
100000.000000,-237.214874,10467.643555,-5.562496,95.816818,10.000000
100000.000000,-37118.253906,-22735.695312,-351.039429,-215.513672,10.000000
100000.000000,-12337.908203,-30.262171,-119.158272,-2.733312,10.000000
100000.000000,284.327637,33930.480469,-0.620838,316.775879,10.000000
100000.000000,10052.208008,22711.107422,91.164444,211.090027,10.000000
100000.000000,14562.610352,41550.210938,133.823318,389.013397,10.000000
100000.000000,-7122.848633,38861.921875,-70.377785,363.115479,10.000000
100000.000000,-8722.656250,37620.261719,-85.501419,351.401733,10.000000
100000.000000,-8826.308594,31582.066406,-86.508568,294.567444,10.000000
100000.000000,-41829.441406,-39267.855469,-394.946106,-370.414459,10.000000
100000.000000,-8478.000977,31603.093750,-82.817253,293.388550,10.000000
100000.000000,6864.807129,18206.046875,60.914032,167.833786,10.000000
100000.000000,-34619.214844,-21216.486328,-326.148163,-200.357544,10.000000
100000.000000,-4664.938477,16657.726562,-47.013031,153.365707,10.000000
100000.000000,13474.742188,17159.917969,122.776154,158.013962,10.000000
100000.000000,-6942.139160,46591.558594,-68.148155,433.843140,10.000000
100000.000000,-3771.776123,41637.796875,-38.505039,387.481415,10.000000
100000.000000,-14951.306641,-4348.795898,-142.956940,-43.073601,10.000000
100000.000000,-1273.989502,29283.857422,-15.255352,271.669006,10.000000
100000.000000,8162.112793,8335.226562,73.109291,75.322639,10.000000
100000.000000,-2989.861572,56461.195312,-30.564333,526.560364,10.000000
100000.000000,-9002.241211,19795.832031,-87.668472,182.772064,10.000000
100000.000000,3000.824219,5639.756348,24.824472,50.121708,10.000000
100000.000000,-17271.240234,-21101.439453,-164.368881,-199.530090,10.000000
100000.000000,-7253.264648,31535.148438,-71.309746,292.728485,10.000000
100000.000000,1853.311890,35549.664062,14.127255,330.464996,10.000000
100000.000000,-9008.750000,29651.933594,-87.792038,275.077881,10.000000
100000.000000,-22606.273438,-2447.722412,-214.467438,-25.170002,10.000000
100000.000000,-234.700714,41433.484375,-5.313036,385.626465,10.000000
100000.000000,-37012.664062,-33902.660156,-348.298920,-318.709290,10.000000
100000.000000,13105.892578,37269.269531,119.506584,346.836151,10.000000
100000.000000,-34208.988281,-8934.297852,-322.492065,-85.632095,10.000000
100000.000000,5861.979980,92074.421875,57.566914,861.838684,10.000000
100000.000000,-14575.665039,-20842.367188,-139.202515,-197.150970,10.000000
100000.000000,-7128.771484,55123.609375,-69.494438,513.748779,10.000000
100000.000000,5002.591309,31521.427734,43.580841,292.687714,10.000000
100000.000000,-615.487671,21765.968750,-9.096126,201.167007,10.000000
100000.000000,-25165.064453,4823.513672,-238.482117,42.902893,10.000000
100000.000000,7475.968750,54081.390625,67.483734,504.763519,10.000000
100000.000000,3823.367188,96963.539062,39.375507,906.854919,10.000000
100000.000000,11935.276367,61475.597656,109.742744,574.725952,10.000000
100000.000000,-3904.438965,-4439.533203,-39.677006,-44.110027,10.000000
100000.000000,-50765.628906,-50806.597656,-476.230743,-476.161194,10.000000
100000.000000,-3652.166260,46716.500000,-37.189285,435.038757,10.000000
100000.000000,-16739.330078,-11750.885742,-159.546021,-112.239983,10.000000
100000.000000,-19030.320312,4884.370117,-181.240173,43.329369,10.000000
100000.000000,-10338.428711,26994.119141,-100.242096,250.140366,10.000000
100000.000000,-3150.364014,8335.102539,-32.752758,75.377907,10.000000
100000.000000,-7991.033691,56707.804688,-77.479431,528.496460,10.000000
100000.000000,16224.378906,54986.925781,149.387299,513.790283,10.000000
100000.000000,-8453.928711,15659.985352,-82.482063,143.984039,10.000000
100000.000000,-1085.653076,-3725.152344,-13.305404,-37.466309,10.000000
100000.000000,-24677.171875,-17208.093750,-233.548004,-163.086334,10.000000
100000.000000,-4529.875488,11502.228516,-45.692661,105.028206,10.000000
100000.000000,-14398.082031,30897.906250,-138.448334,286.703369,10.000000
100000.000000,-19033.384766,21493.683594,-181.765305,198.829590,10.000000
100000.000000,-13307.617188,8614.958984,-127.813881,78.112556,10.000000
100000.000000,-27738.187500,-36919.492188,-261.829773,-346.950409,10.000000
100000.000000,-23907.201172,7967.044434,-226.836990,72.284454,10.000000
100000.000000,-375.278351,45490.230469,-6.442286,423.624084,10.000000
100000.000000,1956.684448,10308.767578,15.052044,93.806450,10.000000
100000.000000,5335.287598,33702.152344,46.769115,313.115387,10.000000
100000.000000,-16993.820312,23235.158203,-162.675629,215.040955,10.000000
100000.000000,-38829.804688,-32292.408203,-365.253723,-303.672150,10.000000
100000.000000,-9287.970703,27721.826172,-90.356819,256.920624,10.000000
100000.000000,3970.370850,37931.351562,34.080158,352.784210,10.000000
100000.000000,-20594.623047,-22870.570312,-195.370850,-216.004074,10.000000
100000.000000,-9469.079102,-11201.196289,-91.613487,-107.212387,10.000000
100000.000000,-10628.638672,15562.442383,-102.821854,143.088715,10.000000
100000.000000,-17810.884766,21917.785156,-170.283310,202.726349,10.000000
100000.000000,-15631.453125,8084.067383,-149.527679,73.181343,10.000000
100000.000000,-3503.889648,54621.621094,-35.361351,509.154297,10.000000
100000.000000,-43450.164062,-35823.824219,-408.248749,-336.557251,10.000000
100000.000000,-27193.339844,-456.822174,-257.292297,-6.487291,10.000000
100000.000000,-42872.859375,-23831.386719,-402.994965,-224.675827,10.000000
100000.000000,-34209.132812,-8077.046387,-322.517090,-77.627411,10.000000
100000.000000,-15758.931641,26659.306641,-151.099457,247.028564,10.000000
100000.000000,-10359.852539,25942.748047,-100.366585,240.254669,10.000000
100000.000000,-3851.628174,39243.593750,-39.166126,364.911499,10.000000
100000.000000,-9099.939453,51098.929688,-88.072662,475.839539,10.000000
