Mass,x_pos,y_pos,x_vel,y_vel,radius
225 
100000.000000,66498.921875,72086.882812,576.449280,634.627869,10.000000
100000.000000,88015.851562,90232.820312,758.136902,792.501282,10.000000
100000.000000,-121959.296875,11773.518555,-1083.962402,86.288132,10.000000
100000.000000,51226.121094,129505.242188,514.172485,1112.934814,10.000000
100000.000000,36725.277344,110078.945312,298.279144,917.858643,10.000000
100000.000000,57895.546875,130426.468750,419.953491,1175.910522,10.000000
100000.000000,57757.660156,62917.148438,501.702057,553.414124,10.000000
100000.000000,24748.853516,11027.461914,208.440826,77.190926,10.000000
100000.000000,151622.921875,113252.476562,1311.625366,983.420654,10.000000
100000.000000,60107.613281,66265.203125,521.742493,583.038147,10.000000
100000.000000,-70749.867188,234481.578125,-632.681091,2047.668457,10.000000
100000.000000,-72303.031250,59838.644531,-670.754639,496.382812,10.000000
100000.000000,58235.160156,96681.179688,503.279083,858.766174,10.000000
100000.000000,29099.583984,106784.234375,235.414597,906.940979,10.000000
100000.000000,39531.078125,47264.117188,344.283966,415.332886,10.000000
100000.000000,-37628.484375,79119.015625,-355.852875,670.349854,10.000000
100000.000000,41361.097656,48115.050781,360.131775,422.765198,10.000000
100000.000000,67968.171875,107123.937500,579.170166,952.242310,10.000000
100000.000000,222997.937500,192136.953125,1935.072876,1667.658936,10.000000
100000.000000,63050.925781,108973.953125,590.054016,871.125183,10.000000
100000.000000,640056.187500,667995.812500,5562.693848,5805.766602,10.000000
100000.000000,727329.687500,614422.750000,6321.525391,5339.733398,10.000000
100000.000000,731782.000000,630350.062500,6360.082031,5478.114746,10.000000
100000.000000,273060.281250,241737.015625,2370.623047,2098.666748,10.000000
100000.000000,49167.714844,117596.929688,427.630280,922.045532,10.000000
100000.000000,-35337.203125,201474.046875,-402.987640,1821.351685,10.000000
100000.000000,57272.550781,83256.414062,496.118988,734.917053,10.000000
100000.000000,124185.906250,146951.062500,1069.138916,1273.408936,10.000000
100000.000000,67161.687500,105679.257812,573.083679,938.917053,10.000000
100000.000000,50059.890625,130896.140625,522.538574,1300.865967,10.000000
100000.000000,64545.714844,91530.445312,556.618958,809.301453,10.000000
100000.000000,94695.031250,-44211.597656,827.423584,-421.011261,10.000000
100000.000000,14715.430664,107741.640625,119.160873,928.399475,10.000000
100000.000000,-22510.197266,68284.273438,-282.963593,518.843262,10.000000
100000.000000,53846.156250,58394.183594,467.416199,512.780090,10.000000
100000.000000,-21113.699219,114149.500000,-270.028717,968.331543,10.000000
100000.000000,-8899.554688,141304.828125,-146.957245,1233.962524,10.000000
100000.000000,55179.105469,85155.515625,478.138702,752.082764,10.000000
100000.000000,29934.285156,104107.804688,235.240402,870.019104,10.000000
100000.000000,64666.839844,98265.328125,555.759216,871.071655,10.000000
100000.000000,-194.733810,280597.656250,-42.834747,2540.132568,10.000000
100000.000000,14079.225586,270944.531250,112.015488,2372.929443,10.000000
100000.000000,50321.902344,68128.453125,436.779602,599.114319,10.000000
100000.000000,60353.304688,116095.750000,507.376526,1045.867188,10.000000
100000.000000,53879.628906,94724.132812,466.774933,840.002563,10.000000
100000.000000,33956.980469,47141.730469,295.266144,413.783142,10.000000
100000.000000,43171.496094,59416.570312,375.064911,521.839783,10.000000
100000.000000,33817.855469,52028.269531,293.964081,456.738037,10.000000
100000.000000,31144.738281,42301.332031,270.926788,371.341034,10.000000
100000.000000,49110.804688,55308.742188,426.458649,485.447632,10.000000
100000.000000,34010.195312,43433.687500,295.817413,381.173828,10.000000
100000.000000,812663.500000,696063.250000,7062.888672,6049.032227,10.000000
100000.000000,58760.597656,49618.789062,509.798553,434.865387,10.000000
100000.000000,48268.402344,40577.367188,419.427643,355.488525,10.000000
100000.000000,56060.164062,92110.304688,485.031860,815.410095,10.000000
100000.000000,32527.412109,128768.953125,320.106232,1119.692871,10.000000
100000.000000,59041.746094,105667.343750,506.691864,942.926880,10.000000
100000.000000,42927.863281,71897.890625,372.996002,632.351074,10.000000
100000.000000,48253.042969,59663.890625,418.834808,523.807251,10.000000
100000.000000,41425.699219,62290.335938,359.824188,547.049683,10.000000
100000.000000,36861.609375,46089.625000,320.384918,404.282745,10.000000
100000.000000,48118.800781,48574.339844,417.856812,425.883392,10.000000
100000.000000,43942.148438,71568.835938,381.705444,629.412781,10.000000
100000.000000,33117.691406,51314.546875,287.743561,450.265991,10.000000
100000.000000,36035.218750,36338.382812,313.547729,318.591187,10.000000
100000.000000,48234.492188,40158.152344,419.068298,351.738770,10.000000
100000.000000,-49646.285156,37804.964844,-442.790161,318.573639,10.000000
100000.000000,-459.686859,177510.453125,-10.254604,1539.334106,10.000000
100000.000000,41506.636719,74568.234375,360.810669,655.997559,10.000000
100000.000000,35170.929688,61779.484375,305.589233,542.367065,10.000000
100000.000000,62787.957031,54996.460938,544.181396,482.086700,10.000000
100000.000000,52462.230469,56792.062500,455.124695,498.251556,10.000000
100000.000000,31108.654297,49680.648438,270.242279,435.870697,10.000000
100000.000000,35361.148438,52242.949219,307.181641,458.336578,10.000000
100000.000000,30737.830078,112075.757812,276.034271,978.769104,10.000000
100000.000000,35722.785156,42349.851562,310.525146,371.358795,10.000000
100000.000000,59847.062500,75151.210938,518.020264,661.173645,10.000000
100000.000000,38195.199219,37938.664062,332.137573,332.493591,10.000000
100000.000000,31478.732422,40056.257812,273.705383,351.367462,10.000000
100000.000000,58786.695312,88143.195312,508.128143,778.514954,10.000000
100000.000000,31844.339844,38901.917969,276.928101,341.212799,10.000000
100000.000000,37368.101562,58865.281250,324.558655,516.606201,10.000000
100000.000000,50050.625000,68208.062500,434.141968,599.406738,10.000000
100000.000000,55039.750000,77163.242188,476.823792,679.340515,10.000000
100000.000000,44568.324219,53467.316406,386.920288,468.950348,10.000000
100000.000000,-43276.750000,-5381.876465,-406.881012,-87.749001,10.000000
100000.000000,44085.066406,54896.593750,382.701721,481.543610,10.000000
100000.000000,44167.281250,67447.632812,383.431519,592.564331,10.000000
100000.000000,50108.011719,132872.953125,12.116028,1543.441284,10.000000
100000.000000,31978.558594,42238.312500,277.915466,370.426025,10.000000
100000.000000,51162.425781,42201.453125,444.129333,369.513916,10.000000
100000.000000,27010.333984,35272.207031,234.964462,309.574341,10.000000
100000.000000,36103.820312,62772.160156,313.609467,550.973816,10.000000
100000.000000,46304.507812,61096.125000,401.808899,536.249512,10.000000
100000.000000,52599.441406,87275.804688,455.879272,770.729126,10.000000
100000.000000,27961.410156,35466.054688,243.229889,311.198517,10.000000
100000.000000,36181.835938,58342.664062,314.206512,511.880280,10.000000
100000.000000,33841.128906,50001.277344,293.902344,438.493774,10.000000
100000.000000,-3231572.250000,151291.015625,-28105.726562,1311.012085,10.000000
100000.000000,-360600.656250,-114355.609375,-3140.471680,-999.147827,10.000000
100000.000000,94879.937500,764789.312500,821.112549,6646.277832,10.000000
100000.000000,7596897.000000,13370660.000000,66056.062500,116262.015625,10.000000
100000.000000,2724.116699,36546.593750,20.676792,316.198273,10.000000
100000.000000,-18334.193359,-16761.041016,-162.245880,-147.935059,10.000000
100000.000000,-3496.587158,-6610.958984,-33.350574,-59.875153,10.000000
100000.000000,-33276.199219,-29082.376953,-291.793884,-254.780029,10.000000
100000.000000,-583.105347,8372.582031,-8.134908,70.518539,10.000000
100000.000000,-1781.078003,65102.597656,-17.629726,565.438110,10.000000
100000.000000,-12174.227539,-9713.684570,-108.795258,-86.752342,10.000000
100000.000000,-10645.537109,18763.562500,-95.845993,161.123474,10.000000
100000.000000,-28254.123047,-29304.917969,-248.219666,-256.767212,10.000000
100000.000000,20689.904297,33347.695312,177.034882,288.465576,10.000000
100000.000000,-20479.361328,7036.928711,-181.230377,59.130314,10.000000
100000.000000,-14527.846680,11575.070312,-129.550339,98.553680,10.000000
100000.000000,-26022.828125,-31311.527344,-228.831177,-274.210663,10.000000
100000.000000,16468.298828,96819.140625,146.413376,845.782043,10.000000
100000.000000,-1958.616333,34876.484375,-20.133978,301.565552,10.000000
100000.000000,-11939.452148,14192.275391,-107.056732,121.307053,10.000000
100000.000000,-284.423004,11282.262695,-5.546645,95.855148,10.000000
100000.000000,-40102.042969,-24567.474609,-351.028625,-215.494720,10.000000
100000.000000,-13350.688477,-53.357529,-119.144005,-2.703410,10.000000
100000.000000,279.179840,36623.328125,-0.592773,316.830231,10.000000
100000.000000,10827.191406,24505.605469,91.182831,211.140900,10.000000
100000.000000,15700.241211,44857.171875,133.852493,389.088348,10.000000
100000.000000,-7720.906250,41948.640625,-70.344620,363.167694,10.000000
100000.000000,-9449.273438,40607.406250,-85.469162,351.451843,10.000000
100000.000000,-9561.502930,34086.105469,-86.480736,294.613678,10.000000
100000.000000,-45186.441406,-42416.304688,-394.937469,-370.398590,10.000000
100000.000000,-9140.426758,33950.390625,-82.791290,293.431976,10.000000
100000.000000,7352.190430,19548.902344,60.930191,167.876709,10.000000
100000.000000,-37228.359375,-22819.267578,-326.137848,-200.339111,10.000000
100000.000000,-5040.964844,17884.814453,-46.995167,153.403046,10.000000
100000.000000,14457.011719,18424.224609,122.790024,158.058670,10.000000
100000.000000,-7487.161133,50062.539062,-68.110458,433.897583,10.000000
100000.000000,-4079.673584,44737.878906,-38.472176,387.534943,10.000000
100000.000000,-16094.908203,-4693.271973,-142.944443,-43.047562,10.000000
100000.000000,-1395.930054,31457.410156,-15.231843,271.715424,10.000000
100000.000000,8747.041016,8937.968750,73.121735,75.360046,10.000000
100000.000000,-3234.160645,60673.968750,-30.514791,526.627563,10.000000
100000.000000,-9703.503906,21258.169922,-87.648674,182.809067,10.000000
100000.000000,3199.475342,6040.879883,24.837208,50.156239,10.000000
100000.000000,-18586.148438,-22697.589844,-164.359482,-199.508789,10.000000
100000.000000,-7823.630371,33877.171875,-71.283951,292.772675,10.000000
100000.000000,1966.447144,38193.613281,14.154232,330.518127,10.000000
100000.000000,-9710.979492,31852.740234,-87.767181,275.119904,10.000000
100000.000000,-24321.953125,-2648.975830,-214.453888,-25.145306,10.000000
100000.000000,-277.065338,44518.742188,-5.280879,385.682953,10.000000
100000.000000,-39799.015625,-36452.265625,-348.290344,-318.693115,10.000000
100000.000000,14062.050781,40044.238281,119.531075,346.899414,10.000000
100000.000000,-36788.871094,-9619.264648,-322.479492,-85.611450,10.000000
100000.000000,6323.266602,98969.718750,57.740078,861.973328,10.000000
100000.000000,-15689.245117,-22419.478516,-139.193283,-197.129181,10.000000
100000.000000,-7684.520996,59233.859375,-69.447098,513.809265,10.000000
100000.000000,5351.340332,33863.156250,43.604263,292.739716,10.000000
100000.000000,-688.172363,23375.486328,-9.076728,201.208923,10.000000
100000.000000,-27072.853516,5166.849609,-238.466507,42.928780,10.000000
100000.000000,8016.031738,58119.843750,67.528465,504.843231,10.000000
100000.000000,4139.216309,104218.914062,39.569878,906.976807,10.000000
100000.000000,12813.460938,66073.843750,109.798584,574.826355,10.000000
100000.000000,-4221.805664,-4792.289551,-39.665752,-44.081440,10.000000
100000.000000,-54575.441406,-54615.828125,-476.223633,-476.148438,10.000000
100000.000000,-3949.516846,50197.054688,-37.151619,435.096649,10.000000
100000.000000,-18095.416016,-12704.809570,-159.534348,-112.215004,10.000000
100000.000000,-20570.785156,5252.804688,-181.223984,43.358665,10.000000
100000.000000,-11190.372070,29120.507812,-100.217270,250.182556,10.000000
100000.000000,-3428.691406,8975.981445,-32.737293,75.413780,10.000000
100000.000000,-8649.369141,61200.324219,-77.427299,528.560425,10.000000
100000.000000,17494.375000,59354.605469,149.431396,513.890198,10.000000
100000.000000,-9154.938477,16884.019531,-82.463043,144.021408,10.000000
100000.000000,-1198.695190,-4043.472168,-13.293740,-37.435101,10.000000
100000.000000,-26662.279297,-18594.224609,-233.536850,-163.064255,10.000000
100000.000000,-4918.186035,12395.137695,-45.675865,105.065117,10.000000
100000.000000,-15574.765625,33335.074219,-138.420837,286.745178,10.000000
100000.000000,-20578.283203,23183.896484,-181.742737,198.864761,10.000000
100000.000000,-14393.957031,9279.068359,-127.796989,78.145042,10.000000
100000.000000,-29963.703125,-39868.488281,-261.821533,-346.932556,10.000000
100000.000000,-25835.236328,8581.594727,-226.819534,72.313141,10.000000
100000.000000,-429.862274,49091.324219,-6.404183,423.687592,10.000000
100000.000000,2084.697021,11106.300781,15.067236,93.845085,10.000000
100000.000000,5732.945312,36363.894531,46.795307,313.172485,10.000000
100000.000000,-18376.455078,25063.175781,-162.652298,215.077835,10.000000
100000.000000,-41934.414062,-34873.539062,-365.244354,-303.655060,10.000000
100000.000000,-10055.887695,29905.849609,-90.331703,256.963837,10.000000
100000.000000,4260.189941,40930.292969,34.110031,352.844421,10.000000
100000.000000,-22255.230469,-24706.505859,-195.360977,-215.982513,10.000000
100000.000000,-10247.742188,-12112.378906,-91.602409,-107.185707,10.000000
100000.000000,-11502.536133,16778.865234,-102.802597,143.125122,10.000000
100000.000000,-19258.187500,23641.126953,-170.260620,202.762268,10.000000
100000.000000,-16902.359375,8706.254883,-149.510742,73.212845,10.000000
100000.000000,-3804.231689,58949.753906,-35.311676,509.222870,10.000000
100000.000000,-46920.238281,-38684.488281,-408.239716,-336.541229,10.000000
100000.000000,-29380.253906,-511.846985,-257.277191,-6.461871,10.000000
100000.000000,-46298.265625,-25741.048828,-402.984253,-224.658112,10.000000
100000.000000,-36950.468750,-8736.777344,-322.503632,-77.605400,10.000000
100000.000000,-17043.160156,28759.230469,-151.074402,247.067581,10.000000
100000.000000,-11212.856445,27985.105469,-100.342354,240.296295,10.000000
100000.000000,-4184.390137,42345.597656,-39.133488,364.966156,10.000000
100000.000000,-9848.350586,55143.835938,-88.027878,475.898163,10.000000
