Mass,x_pos,y_pos,x_vel,y_vel,radius
24 
100000.000000,7619.141113,7673.048340,580.296387,617.946472,10.000000
100000.000000,10424.168945,9695.782227,771.464722,776.633423,10.000000
100000.000000,-11369.217773,2990.242676,-1085.455933,85.251968,10.000000
100000.000000,7777.080078,12482.623047,554.029114,1067.825806,10.000000
100000.000000,7080.157227,13222.240234,502.423615,1178.825562,10.000000
100000.000000,8645.534180,12951.617188,591.672668,1085.718262,10.000000
100000.000000,6558.204102,6731.991211,502.740723,539.627930,10.000000
100000.000000,3506.906250,3244.009766,207.281815,71.903641,10.000000
100000.000000,17715.257812,12966.365234,1318.225220,982.194336,10.000000
100000.000000,6850.335449,7080.493652,523.453125,568.113892,10.000000
100000.000000,-6174.027344,25583.486328,-635.098694,2049.715088,10.000000
100000.000000,-3821.145020,9246.000000,-675.026062,493.876923,10.000000
100000.000000,6726.942871,9937.719727,509.901581,818.099487,10.000000
100000.000000,7123.899902,15022.520508,253.966705,1317.560547,10.000000
100000.000000,4437.454102,5075.333496,342.898010,406.162933,10.000000
100000.000000,-1208.587646,10817.377930,-363.842102,665.632874,10.000000
100000.000000,4647.977539,5172.983398,358.895203,413.338226,10.000000
100000.000000,8251.260742,10964.524414,606.598511,906.051697,10.000000
100000.000000,25582.884766,22022.761719,1937.110596,1668.375122,10.000000
100000.000000,6559.636719,15169.759766,431.790314,1583.520874,10.000000
100000.000000,72659.664062,75808.039062,5562.767578,5805.832520,10.000000
100000.000000,82535.031250,69768.367188,6321.599609,5339.783691,10.000000
100000.000000,83052.289062,71581.093750,6360.152832,5478.164062,10.000000
100000.000000,31237.369141,27663.558594,2371.673096,2099.186035,10.000000
100000.000000,8413.463867,13986.180664,525.499023,1175.908936,10.000000
100000.000000,5986.937012,15513.231445,-571.527100,1996.703491,10.000000
100000.000000,6604.727051,8792.276367,498.558502,709.873108,10.000000
100000.000000,14909.912109,17018.804688,1081.015869,1275.851685,10.000000
100000.000000,8138.883789,10868.589844,597.260071,893.177979,10.000000
100000.000000,7084.625977,12780.142578,514.849976,1109.159790,10.000000
100000.000000,7569.302734,9594.231445,565.477539,778.687439,10.000000
100000.000000,10287.224609,-1226.174805,828.061890,-423.588531,10.000000
100000.000000,3221.395264,13488.072266,74.982437,901.121155,10.000000
100000.000000,6695.750000,15216.192383,81.896729,1448.994263,10.000000
100000.000000,6160.645508,6325.590820,467.628265,500.477631,10.000000
100000.000000,6886.541016,14966.913086,253.405273,1449.571167,10.000000
100000.000000,6480.464355,14659.041016,593.174683,1487.445679,10.000000
100000.000000,6360.664551,8983.600586,479.713104,725.152649,10.000000
100000.000000,6984.579590,14129.370117,491.906799,1262.879150,10.000000
100000.000000,7667.478516,10205.269531,569.135132,832.638489,10.000000
100000.000000,4199.947266,21428.775391,-45.458019,2547.862305,10.000000
100000.000000,2671.005371,28839.005859,110.989151,2376.829834,10.000000
100000.000000,5773.292969,7326.619629,436.272644,583.273865,10.000000
100000.000000,7441.378906,11520.778320,546.675659,960.162109,10.000000
100000.000000,6205.581543,9853.919922,468.346802,801.464355,10.000000
100000.000000,3873.236572,5104.260742,293.381897,405.018036,10.000000
100000.000000,4939.953613,6426.195312,373.526764,509.561615,10.000000
100000.000000,3873.131836,5628.456543,291.747375,447.023590,10.000000
100000.000000,3542.876709,4573.841797,269.097443,363.558929,10.000000
100000.000000,5617.252441,6010.075195,425.957672,474.114410,10.000000
100000.000000,3866.387939,4709.677734,294.138000,373.049744,10.000000
100000.000000,92249.382812,79061.335938,7062.942383,6049.070312,10.000000
100000.000000,6743.804688,5449.449707,510.520172,424.974182,10.000000
100000.000000,5491.522949,4471.955078,419.025665,347.335510,10.000000
100000.000000,6498.515137,9647.808594,488.063202,780.996643,10.000000
100000.000000,2552.898682,15036.165039,218.992935,1106.247070,10.000000
100000.000000,6981.931641,10774.142578,520.383911,885.150818,10.000000
100000.000000,4926.248047,7734.181641,370.386963,615.305664,10.000000
100000.000000,5540.968262,6477.648438,418.101471,511.239929,10.000000
100000.000000,4757.812500,6744.647461,357.806000,534.015198,10.000000
100000.000000,4209.668457,5020.109863,318.807343,395.560333,10.000000
100000.000000,5503.843750,5318.356934,417.333374,416.224548,10.000000
100000.000000,5046.295898,7703.295410,379.388428,612.423828,10.000000
100000.000000,3807.879150,5570.562500,285.509155,440.780334,10.000000
100000.000000,4074.660645,3978.298584,312.305298,311.447845,10.000000
100000.000000,5703.630371,4605.742676,418.694000,343.997650,10.000000
100000.000000,-4651.936035,5518.079102,-445.611328,315.937714,10.000000
100000.000000,793.241699,21077.955078,-21.559988,1549.519653,10.000000
100000.000000,4940.867188,8336.889648,357.630707,638.502136,10.000000
100000.000000,4205.010254,6962.206055,302.788208,530.598511,10.000000
100000.000000,7522.786133,6267.640137,545.572083,471.533142,10.000000
100000.000000,6262.849121,6438.872070,455.119232,486.971100,10.000000
100000.000000,3719.395508,5609.243164,268.050842,427.225922,10.000000
100000.000000,4217.997070,5907.075684,305.198914,448.885925,10.000000
100000.000000,3782.391357,13780.956055,218.921066,928.245422,10.000000
100000.000000,4229.766113,4806.550293,309.098816,363.670959,10.000000
100000.000000,7212.659668,8402.056641,520.351807,642.950012,10.000000
100000.000000,4502.040039,4328.918457,331.047211,325.352295,10.000000
100000.000000,3726.923340,4531.565918,272.090210,344.227020,10.000000
100000.000000,7111.852051,9696.367188,512.088623,750.506714,10.000000
100000.000000,3763.987305,4405.105469,275.387146,334.212250,10.000000
100000.000000,4465.674316,6649.865234,322.317932,505.443542,10.000000
100000.000000,5989.497070,7668.158691,433.594818,584.239197,10.000000
100000.000000,6613.259766,8605.172852,477.755432,659.569397,10.000000
100000.000000,5312.102051,6068.568848,385.901611,458.719238,10.000000
100000.000000,-1948.912231,3567.967285,-408.727203,-90.441597,10.000000
100000.000000,5259.123047,6226.406250,381.570587,470.981750,10.000000
100000.000000,5278.819336,7591.032227,381.628876,578.024292,10.000000
100000.000000,7098.041992,15368.776367,543.307251,1388.689453,10.000000
100000.000000,3800.738281,4785.812500,276.229370,362.955292,10.000000
100000.000000,6083.169922,4851.521484,443.993256,361.426147,10.000000
100000.000000,3191.714600,3973.364990,233.316895,303.265137,10.000000
100000.000000,4323.183594,7088.884766,310.833527,538.839478,10.000000
100000.000000,5536.773926,6910.476074,400.755463,523.849609,10.000000
100000.000000,6307.032227,9622.728516,456.032257,742.843262,10.000000
100000.000000,3303.020752,4003.608887,241.621735,304.823486,10.000000
100000.000000,4332.424316,6602.017090,311.859100,500.971924,10.000000
100000.000000,4046.001709,5668.167480,291.923523,429.615082,10.000000
100000.000000,-378848.718750,18223.208984,-28105.726562,1311.012085,10.000000
100000.000000,-41836.960938,-12939.124023,-3140.730713,-999.301880,10.000000
100000.000000,11537.069336,90190.406250,821.123108,6646.440430,10.000000
100000.000000,892212.875000,1570066.375000,66056.062500,116262.015625,10.000000
100000.000000,674.557190,4551.485352,18.093243,311.074432,10.000000
100000.000000,-1846.410645,-1702.616943,-163.294205,-150.179199,10.000000
100000.000000,-90.711990,-480.094818,-34.455334,-62.669006,10.000000
100000.000000,-3641.337891,-3187.883301,-292.731476,-256.569427,10.000000
100000.000000,269.549744,1280.497559,-9.564777,67.103920,10.000000
100000.000000,113.902046,7847.952148,-23.080666,558.419556,10.000000
100000.000000,-1110.157227,-859.857483,-109.925461,-89.280739,10.000000
100000.000000,-881.035950,2476.989014,-97.746651,157.616989,10.000000
100000.000000,-3042.536621,-3207.490234,-249.132751,-258.621826,10.000000
100000.000000,2755.020264,4181.744629,175.205704,282.590790,10.000000
100000.000000,-2054.271973,1088.768677,-182.818970,56.342472,10.000000
100000.000000,-1346.483643,1631.578735,-131.234848,95.446762,10.000000
100000.000000,-2779.890137,-3443.663818,-229.706833,-276.062378,10.000000
100000.000000,1943.374878,11330.190430,130.031281,828.603760,10.000000
100000.000000,133.817017,4358.861816,-22.697443,296.838806,10.000000
100000.000000,-1039.979614,1942.743530,-108.805077,118.022980,10.000000
100000.000000,307.091553,1621.127319,-7.058372,92.306221,10.000000
100000.000000,-4453.213379,-2661.020264,-352.050995,-217.252487,10.000000
100000.000000,-1231.983398,274.256165,-120.495239,-5.476539,10.000000
100000.000000,389.502777,4561.223633,-3.226263,311.854401,10.000000
100000.000000,1605.286133,3165.048828,89.420166,206.453156,10.000000
100000.000000,2166.576660,5496.789551,131.086380,382.282104,10.000000
100000.000000,-521.898682,5179.560547,-73.427841,358.386993,10.000000
100000.000000,-716.700256,5023.723633,-88.469872,346.862152,10.000000
100000.000000,-734.033386,4264.699219,-89.081398,290.368896,10.000000
100000.000000,-5084.844238,-4792.578613,-395.751038,-371.872009,10.000000
100000.000000,-687.649841,4249.281738,-85.381149,289.170227,10.000000
100000.000000,1198.862671,2590.826416,59.279137,163.643539,10.000000
100000.000000,-4105.606934,-2449.818359,-327.177734,-202.164551,10.000000
100000.000000,-236.747040,2385.198975,-48.799110,149.722549,10.000000
100000.000000,2020.684814,2466.114746,121.353096,153.642105,10.000000
100000.000000,-502.468719,6124.364258,-71.831192,428.613220,10.000000
100000.000000,-112.299393,5504.145020,-41.733051,382.316223,10.000000
100000.000000,-1562.069824,-274.470001,-144.209824,-45.626186,10.000000
100000.000000,194.997208,3966.063477,-17.591902,267.166687,10.000000
100000.000000,1349.226562,1359.980103,71.838791,71.656471,10.000000
100000.000000,-43.430576,7347.337891,-35.354805,520.164551,10.000000
100000.000000,-769.353638,2773.202393,-89.636086,179.163742,10.000000
100000.000000,703.035889,1015.617493,23.532536,46.737545,10.000000
100000.000000,-1885.640381,-2406.925293,-165.312637,-201.622772,10.000000
100000.000000,-539.175110,4244.294922,-73.857559,288.442017,10.000000
100000.000000,581.244812,4746.446777,11.453251,325.326141,10.000000
100000.000000,-755.287598,4007.615723,-90.245880,270.993988,10.000000
100000.000000,-2528.988770,-49.827961,-215.816284,-27.587685,10.000000
100000.000000,320.084106,5478.464355,-8.477174,380.185089,10.000000
100000.000000,-4431.121094,-4074.140869,-349.155579,-320.297424,10.000000
100000.000000,1976.580322,4953.226074,117.049171,340.739349,10.000000
100000.000000,-4033.179199,-890.497131,-323.741058,-87.652367,10.000000
100000.000000,775.685608,11721.675781,42.310833,850.133057,10.000000
100000.000000,-1543.425903,-2369.412598,-140.130280,-199.292923,10.000000
100000.000000,-546.234863,7195.859863,-74.079735,507.967102,10.000000
100000.000000,970.300415,4248.258301,41.243908,287.657379,10.000000
100000.000000,270.246979,3032.172363,-11.034858,197.085892,10.000000
100000.000000,-2838.686768,858.709961,-240.031113,40.372417,10.000000
100000.000000,1246.498901,7027.340332,63.130913,497.220856,10.000000
100000.000000,472.729431,12379.239258,22.413191,896.325256,10.000000
100000.000000,1773.973877,7915.408203,104.368118,565.369568,10.000000
100000.000000,-174.083038,-263.674896,-40.814014,-46.915848,10.000000
100000.000000,-6225.139648,-6262.513672,-476.938904,-477.411713,10.000000
100000.000000,-107.235306,6143.522949,-40.868679,429.493835,10.000000
100000.000000,-1801.694092,-1213.835815,-160.652100,-114.557594,10.000000
100000.000000,-2056.624756,882.967041,-182.760864,40.620083,10.000000
100000.000000,-923.357666,3677.657959,-102.561218,246.260529,10.000000
100000.000000,-61.364708,1348.355225,-34.220772,72.060020,10.000000
100000.000000,-658.510986,7401.223633,-82.243637,522.713928,10.000000
100000.000000,2331.689697,7114.556152,145.298340,504.900421,10.000000
100000.000000,-709.222168,2261.030518,-84.273323,140.536621,10.000000
100000.000000,178.554794,-168.849548,-14.421623,-40.361240,10.000000
100000.000000,-2821.260254,-1921.889526,-234.601776,-165.132950,10.000000
100000.000000,-228.717377,1744.910400,-47.283653,101.618378,10.000000
100000.000000,-1406.349243,4162.108398,-141.000305,282.860046,10.000000
100000.000000,-1999.789307,2962.930176,-183.868561,195.586365,10.000000
100000.000000,-1328.027710,1366.754150,-129.405304,75.109207,10.000000
100000.000000,-3242.898926,-4449.134766,-262.611938,-348.609711,10.000000
100000.000000,-2668.059082,1257.259521,-228.471466,69.635345,10.000000
100000.000000,291.909027,5988.514648,-9.969045,417.865814,10.000000
100000.000000,575.526917,1603.636353,13.603059,90.234474,10.000000
100000.000000,1007.259521,4522.665039,44.305202,307.891510,10.000000
100000.000000,-1743.840820,3191.503662,-164.848709,211.643707,10.000000
100000.000000,-4662.509277,-3869.900879,-366.135559,-305.257751,10.000000
100000.000000,-796.647400,3773.083740,-92.704620,252.950623,10.000000
100000.000000,834.963379,5047.794922,31.284407,347.301514,10.000000
100000.000000,-2310.452637,-2637.406250,-196.306702,-218.005844,10.000000
100000.000000,-884.127930,-1131.327759,-92.667671,-109.688980,10.000000
100000.000000,-981.800598,2245.589111,-104.631279,139.729065,10.000000
100000.000000,-1850.602051,3023.950684,-172.400970,199.414536,10.000000
100000.000000,-1621.577759,1295.239136,-151.120285,70.269936,10.000000
100000.000000,-113.525848,7131.013672,-39.907196,502.977692,10.000000
100000.000000,-5263.414062,-4328.450684,-409.098419,-338.040863,10.000000
100000.000000,-3110.655029,193.022461,-258.708099,-8.837639,10.000000
100000.000000,-5174.433594,-2794.011963,-404.003265,-226.316208,10.000000
100000.000000,-4030.676514,-781.404602,-323.781982,-79.662994,10.000000
100000.000000,-1588.386719,3628.413330,-153.431046,243.437103,10.000000
100000.000000,-934.155945,3549.634277,-102.630745,236.425873,10.000000
100000.000000,-133.954224,5216.921875,-42.198765,359.921570,10.000000
100000.000000,-789.182678,6706.602539,-92.187195,470.533386,10.000000
