Mass,x_pos,y_pos,x_vel,y_vel,radius
289 
100000.000000,98773.617188,107649.273438,576.246582,635.355225,10.000000
100000.000000,130451.921875,134634.500000,757.522400,793.177734,10.000000
100000.000000,-182659.328125,16606.878906,-1083.907715,86.326439,10.000000
100000.000000,74002.351562,194514.078125,518.289795,1053.505859,10.000000
100000.000000,53496.648438,161595.843750,300.361481,921.458252,10.000000
100000.000000,79393.984375,196650.906250,337.979370,1188.040894,10.000000
100000.000000,85850.781250,93927.476562,501.632355,554.014038,10.000000
100000.000000,36422.765625,15356.132812,208.479324,77.377846,10.000000
100000.000000,225065.328125,168325.687500,1311.355469,983.471558,10.000000
100000.000000,89321.921875,98936.125000,521.639893,583.689514,10.000000
100000.000000,-106177.117188,349148.906250,-632.591125,2047.592285,10.000000
100000.000000,-109861.312500,87638.453125,-670.630554,496.456726,10.000000
100000.000000,86402.390625,144840.781250,502.760864,860.928589,10.000000
100000.000000,42336.070312,157639.187500,237.068909,909.002197,10.000000
100000.000000,58812.500000,70535.492188,344.331512,415.731476,10.000000
100000.000000,-57548.640625,116663.265625,-355.615509,670.494934,10.000000
100000.000000,61529.773438,71802.976562,360.172211,423.174622,10.000000
100000.000000,100343.906250,160529.531250,577.343933,954.765076,10.000000
100000.000000,331359.125000,285524.906250,1934.989990,1667.629639,10.000000
100000.000000,96035.140625,157860.718750,588.271301,874.267700,10.000000
100000.000000,951570.187500,993117.812500,5562.693848,5805.766602,10.000000
100000.000000,1081333.750000,913448.750000,6321.525391,5339.733398,10.000000
100000.000000,1087948.250000,937125.062500,6360.082031,5478.114746,10.000000
100000.000000,405813.718750,359261.062500,2370.581787,2098.639404,10.000000
100000.000000,73128.812500,169593.234375,428.005859,932.723938,10.000000
100000.000000,-57898.578125,303464.937500,-402.804016,1821.203003,10.000000
100000.000000,85049.468750,124449.523438,495.937927,736.101501,10.000000
100000.000000,184041.515625,218258.812500,1068.632446,1273.311035,10.000000
100000.000000,99203.195312,158337.437500,571.467285,941.401428,10.000000
100000.000000,71742.218750,195827.796875,418.615845,1055.943237,10.000000
100000.000000,95699.414062,136898.375000,556.084534,810.780823,10.000000
100000.000000,141030.062500,-67785.484375,827.402100,-420.925964,10.000000
100000.000000,21429.832031,159761.312500,120.454910,929.316040,10.000000
100000.000000,-38348.867188,97345.984375,-282.737793,519.043884,10.000000
100000.000000,80020.507812,87126.968750,467.386719,513.315857,10.000000
100000.000000,-36218.851562,168380.359375,-269.519592,968.463928,10.000000
100000.000000,-17103.496094,210402.890625,-146.162613,1233.844604,10.000000
100000.000000,81950.156250,127313.601562,477.989655,753.383545,10.000000
100000.000000,43151.226562,152891.109375,236.584671,871.946045,10.000000
100000.000000,95762.078125,147108.000000,554.899475,873.043823,10.000000
100000.000000,-2592.266357,422841.593750,-42.797043,2540.020752,10.000000
100000.000000,20353.240234,403824.250000,112.051430,2372.790039,10.000000
100000.000000,74781.437500,101701.625000,436.772949,599.828247,10.000000
100000.000000,88624.281250,174883.734375,502.792908,1052.891724,10.000000
100000.000000,80011.937500,141829.765625,466.550079,842.062439,10.000000
100000.000000,50494.167969,70325.890625,295.337433,414.168304,10.000000
100000.000000,64176.703125,88657.046875,375.114197,522.385986,10.000000
100000.000000,50282.570312,77619.320312,294.049316,457.168213,10.000000
100000.000000,46318.882812,63107.300781,270.997070,371.681671,10.000000
100000.000000,72992.750000,82509.609375,426.462982,485.942841,10.000000
100000.000000,50577.980469,64790.753906,295.880157,381.528839,10.000000
100000.000000,1208187.375000,1034807.250000,7062.888672,6049.032227,10.000000
100000.000000,87307.859375,73984.718750,509.752899,435.287262,10.000000
100000.000000,71756.578125,60495.851562,419.433197,355.837250,10.000000
100000.000000,83213.304688,137829.312500,484.758148,817.172974,10.000000
100000.000000,50765.093750,191542.437500,330.177643,1122.009277,10.000000
100000.000000,87377.695312,158584.093750,505.459412,946.492371,10.000000
100000.000000,63818.507812,107334.734375,373.085388,633.140808,10.000000
100000.000000,71708.156250,89014.820312,418.846436,524.362915,10.000000
100000.000000,61578.082031,92943.820312,359.894012,547.635559,10.000000
100000.000000,54804.988281,68741.640625,320.442017,404.664795,10.000000
100000.000000,71518.953125,72437.171875,417.865387,426.301971,10.000000
100000.000000,65320.078125,106841.007812,381.780823,630.197876,10.000000
100000.000000,49234.089844,76542.851562,287.829895,450.686462,10.000000
100000.000000,53595.308594,54189.371094,313.591919,318.900299,10.000000
100000.000000,71702.546875,59866.546875,419.073944,352.084229,10.000000
100000.000000,-74438.937500,55648.523438,-442.677582,318.681030,10.000000
100000.000000,-1018.488586,263699.375000,-9.770391,1538.902832,10.000000
100000.000000,61715.941406,111331.304688,360.932892,656.851501,10.000000
100000.000000,52287.582031,92169.726562,305.703674,542.921326,10.000000
100000.000000,93259.625000,82008.359375,544.102661,482.557648,10.000000
100000.000000,77948.640625,84710.523438,455.106689,498.764893,10.000000
100000.000000,46245.093750,74102.132812,270.332275,436.269501,10.000000
100000.000000,52565.828125,77923.710938,307.260132,458.772797,10.000000
100000.000000,46278.070312,166975.609375,278.623810,981.571228,10.000000
100000.000000,53113.937500,63157.093750,310.579681,371.708344,10.000000
100000.000000,88851.429688,112204.304688,517.870239,662.032104,10.000000
100000.000000,56796.171875,56568.589844,332.177124,332.815735,10.000000
100000.000000,46808.285156,59743.214844,273.769867,351.692780,10.000000
100000.000000,87232.757812,131785.265625,507.841125,779.934875,10.000000
100000.000000,47354.269531,58020.003906,276.989197,341.531494,10.000000
100000.000000,55546.199219,87811.882812,324.646637,517.127625,10.000000
100000.000000,74362.500000,101797.625000,434.138550,600.120728,10.000000
100000.000000,81739.023438,115236.679688,476.734009,680.292725,10.000000
100000.000000,66236.859375,79743.484375,386.951294,469.418884,10.000000
100000.000000,-66060.203125,-10293.026367,-406.822083,-87.661720,10.000000
100000.000000,65517.500000,81878.515625,382.737488,482.028992,10.000000
100000.000000,65641.367188,100653.210938,383.491302,593.253357,10.000000
100000.000000,73385.406250,197778.625000,250.936539,1006.661865,10.000000
100000.000000,47543.972656,62993.074219,277.982819,370.767487,10.000000
100000.000000,76033.453125,62905.757812,444.124054,369.874786,10.000000
100000.000000,40170.503906,52617.539062,235.031815,309.861816,10.000000
100000.000000,53669.542969,93644.984375,313.721954,551.546692,10.000000
100000.000000,68806.726562,91144.484375,401.837280,536.825317,10.000000
100000.000000,78125.906250,130482.523438,455.790741,772.170349,10.000000
100000.000000,41584.375000,52902.441406,243.295197,311.488953,10.000000
100000.000000,53780.402344,87024.234375,314.300201,512.390320,10.000000
100000.000000,50302.187500,74570.000000,293.981598,438.903381,10.000000
100000.000000,-4805491.000000,224707.015625,-28105.726562,1311.012085,10.000000
100000.000000,-536465.750000,-170308.093750,-3140.466309,-999.140991,10.000000
100000.000000,140862.250000,1136979.375000,821.112549,6646.277832,10.000000
100000.000000,11296033.000000,19881386.000000,66056.062500,116262.015625,10.000000
100000.000000,3885.615967,54261.039062,20.789463,316.428253,10.000000
100000.000000,-27418.519531,-25042.238281,-162.200668,-147.835892,10.000000
100000.000000,-5362.710449,-9960.029297,-33.303349,-59.751789,10.000000
100000.000000,-49615.363281,-43347.535156,-291.753296,-254.700943,10.000000
100000.000000,-1036.700562,12326.451172,-8.073560,70.669800,10.000000
100000.000000,-2760.489746,96777.437500,-17.383680,565.760864,10.000000
100000.000000,-18265.207031,-14568.250000,-108.746597,-86.640633,10.000000
100000.000000,-16010.268555,27791.451172,-95.763229,161.279404,10.000000
100000.000000,-42153.160156,-43681.265625,-248.180176,-256.685333,10.000000
100000.000000,30606.320312,49510.144531,177.112076,288.728333,10.000000
100000.000000,-30626.050781,10352.176758,-181.161194,59.254005,10.000000
100000.000000,-21780.330078,17098.482422,-129.477127,98.691628,10.000000
100000.000000,-38836.175781,-46664.714844,-228.793381,-274.128906,10.000000
100000.000000,24767.605469,144634.875000,147.251297,846.685974,10.000000
100000.000000,-3092.548828,51921.804688,-20.021193,301.778687,10.000000
100000.000000,-17985.693359,21050.853516,-106.980247,121.453812,10.000000
100000.000000,-595.700378,16703.177734,-5.481283,96.013451,10.000000
100000.000000,-59933.714844,-36740.402344,-350.983917,-215.416443,10.000000
100000.000000,-20080.429688,-202.118805,-119.085243,-2.579911,10.000000
100000.000000,249.423309,54531.488281,-0.476939,317.054871,10.000000
100000.000000,15981.466797,36441.835938,91.258575,211.350922,10.000000
100000.000000,23266.794922,66850.640625,133.972977,389.398285,10.000000
100000.000000,-11690.965820,62474.585938,-70.207695,363.383728,10.000000
100000.000000,-14273.985352,60471.113281,-85.335938,351.658905,10.000000
100000.000000,-14443.959961,50737.933594,-86.365753,294.804596,10.000000
100000.000000,-67499.273438,-63341.714844,-394.901978,-370.333099,10.000000
100000.000000,-13814.443359,50535.480469,-82.676857,293.623749,10.000000
100000.000000,10797.040039,29040.035156,61.001282,168.066071,10.000000
100000.000000,-55653.671875,-34135.804688,-326.092377,-200.257843,10.000000
100000.000000,-7693.655273,26557.388672,-46.916500,153.567642,10.000000
100000.000000,21396.619141,27360.894531,122.851120,158.255859,10.000000
100000.000000,-11330.040039,74585.492188,-67.944168,434.137451,10.000000
100000.000000,-6248.680664,66641.210938,-38.327267,387.771484,10.000000
100000.000000,-24169.496094,-7121.758789,-142.889404,-42.932777,10.000000
100000.000000,-2253.189697,46815.937500,-15.128281,271.920166,10.000000
100000.000000,12880.186523,13201.127930,73.176521,75.524979,10.000000
100000.000000,-4951.200195,90437.992188,-30.296196,526.924683,10.000000
100000.000000,-14652.841797,31592.142578,-87.561493,182.972366,10.000000
100000.000000,4604.586914,8879.617188,24.893263,50.308460,10.000000
100000.000000,-27871.126953,-33966.808594,-164.318146,-199.414902,10.000000
100000.000000,-11847.508789,50425.121094,-71.170296,292.967499,10.000000
100000.000000,2769.993408,56875.460938,14.273089,330.752869,10.000000
100000.000000,-14666.293945,47402.988281,-87.657730,275.305420,10.000000
100000.000000,-36436.683594,-4066.176025,-214.394287,-25.036430,10.000000
100000.000000,-570.865112,66317.875000,-5.139136,385.932526,10.000000
100000.000000,-59476.207031,-54456.132812,-348.252563,-318.621765,10.000000
100000.000000,20819.039062,59653.058594,119.638916,347.178619,10.000000
100000.000000,-55007.171875,-14453.375977,-322.424103,-85.520393,10.000000
100000.000000,9610.343750,147690.515625,58.509693,862.572998,10.000000
100000.000000,-23552.357422,-33554.175781,-139.152710,-197.033096,10.000000
100000.000000,-11601.551758,88272.679688,-69.238266,514.076416,10.000000
100000.000000,7818.307129,50410.335938,43.707424,292.968964,10.000000
100000.000000,-1198.252808,34749.757812,-8.991309,201.393845,10.000000
100000.000000,-40544.000000,7596.005371,-238.397720,43.042938,10.000000
100000.000000,11837.750977,86654.843750,67.725777,505.195435,10.000000
100000.000000,6402.723633,155480.562500,40.434410,907.519409,10.000000
100000.000000,19025.025391,98565.828125,110.045105,575.270264,10.000000
100000.000000,-6461.321289,-7278.826660,-39.616199,-43.955414,10.000000
100000.000000,-81481.070312,-81516.390625,-476.192383,-476.092194,10.000000
100000.000000,-6043.230957,74788.218750,-36.985546,435.351746,10.000000
100000.000000,-27027.812500,-18985.572266,-159.486389,-112.112259,10.000000
100000.000000,-30717.203125,7684.735352,-181.157501,43.479198,10.000000
100000.000000,-16799.281250,43136.265625,-100.115219,250.356171,10.000000
100000.000000,-5259.953613,13203.865234,-32.673817,75.561394,10.000000
100000.000000,-12978.452148,90808.117188,-77.212791,528.824341,10.000000
100000.000000,25868.324219,88145.601562,149.612762,514.302185,10.000000
100000.000000,-13770.375977,24954.125000,-82.384888,144.175095,10.000000
100000.000000,-1941.615356,-6135.741211,-13.245858,-37.306793,10.000000
100000.000000,-39738.875000,-27722.925781,-233.491028,-162.973465,10.000000
100000.000000,-7473.828125,18283.626953,-45.606823,105.216942,10.000000
100000.000000,-23322.730469,49398.292969,-138.307983,286.917236,10.000000
100000.000000,-30752.919922,34324.945312,-181.649963,199.009460,10.000000
100000.000000,-21548.375000,13659.457031,-127.727570,78.278725,10.000000
100000.000000,-44624.621094,-59294.363281,-261.787567,-346.859070,10.000000
100000.000000,-38534.843750,12634.892578,-226.747757,72.431122,10.000000
100000.000000,-783.494751,72826.156250,-6.247468,423.949127,10.000000
100000.000000,2930.454590,16366.700195,15.129622,94.003990,10.000000
100000.000000,8356.915039,53909.066406,46.902901,313.407867,10.000000
100000.000000,-27481.923828,37112.375000,-162.556458,215.229538,10.000000
100000.000000,-62386.875000,-51875.976562,-365.205902,-303.584839,10.000000
100000.000000,-15111.166016,44301.500000,-90.228378,257.141693,10.000000
100000.000000,6174.271973,60697.488281,34.232841,353.092316,10.000000
100000.000000,-33194.148438,-36798.695312,-195.320374,-215.893845,10.000000
100000.000000,-15376.024414,-18111.275391,-91.556915,-107.075989,10.000000
100000.000000,-17256.953125,24798.656250,-102.723442,143.274902,10.000000
100000.000000,-28789.802734,35000.523438,-170.167297,202.910049,10.000000
100000.000000,-25272.738281,12810.309570,-149.441162,73.342407,10.000000
100000.000000,-5775.164062,87475.250000,-35.107277,509.505493,10.000000
100000.000000,-69780.460938,-57528.695312,-408.202606,-336.475403,10.000000
100000.000000,-43785.804688,-870.374634,-257.215149,-6.357309,10.000000
100000.000000,-68863.929688,-38319.578125,-402.940125,-224.585236,10.000000
100000.000000,-55008.902344,-13079.790039,-322.448212,-77.514847,10.000000
100000.000000,-25500.042969,42600.140625,-150.971497,247.228043,10.000000
100000.000000,-16828.847656,41447.171875,-100.242752,240.467667,10.000000
100000.000000,-6371.583984,62790.894531,-38.999302,365.191406,10.000000
100000.000000,-14772.028320,81801.804688,-87.843590,476.138855,10.000000
