Mass,x_pos,y_pos,x_vel,y_vel,radius
298 
100000.000000,100790.460938,109873.078125,576.238098,635.385315,10.000000
100000.000000,133103.187500,137410.671875,757.496887,793.205688,10.000000
100000.000000,-186453.000000,16909.027344,-1083.905151,86.328011,10.000000
100000.000000,75803.343750,198286.281250,511.427429,1094.457886,10.000000
100000.000000,54548.078125,164821.234375,300.441772,921.598572,10.000000
100000.000000,80559.507812,200809.796875,329.128082,1188.391724,10.000000
100000.000000,87606.468750,95866.570312,501.629395,554.038818,10.000000
100000.000000,37152.441406,15626.970703,208.480911,77.385498,10.000000
100000.000000,229655.031250,171767.828125,1311.344360,983.473694,10.000000
100000.000000,91147.664062,100979.093750,521.635620,583.716431,10.000000
100000.000000,-108391.195312,356315.375000,-632.587341,2047.588867,10.000000
100000.000000,-112208.500000,89376.039062,-670.625427,496.459717,10.000000
100000.000000,88162.000000,147854.218750,502.738739,861.019287,10.000000
100000.000000,43165.941406,160820.859375,237.135040,909.085022,10.000000
100000.000000,60017.671875,71990.585938,344.333435,415.747925,10.000000
100000.000000,-58793.277344,119010.015625,-355.605835,670.500916,10.000000
100000.000000,62790.375000,73284.117188,360.173920,423.191528,10.000000
100000.000000,102364.453125,163871.406250,577.266174,954.871582,10.000000
100000.000000,338131.625000,291361.593750,1934.986572,1667.628784,10.000000
100000.000000,98093.960938,160920.890625,588.205933,874.382263,10.000000
100000.000000,971039.812500,1013437.937500,5562.693848,5805.766602,10.000000
100000.000000,1103459.000000,932137.875000,6321.525391,5339.733398,10.000000
100000.000000,1110208.250000,956298.500000,6360.082031,5478.114746,10.000000
100000.000000,414110.687500,366606.250000,2370.580078,2098.638184,10.000000
100000.000000,74626.859375,172858.484375,428.014069,933.078491,10.000000
100000.000000,-59308.378906,309839.093750,-402.796753,1821.197021,10.000000
100000.000000,86785.250000,127025.976562,495.930298,736.150635,10.000000
100000.000000,187781.703125,222715.406250,1068.611572,1273.306763,10.000000
100000.000000,101203.195312,161632.546875,571.398438,941.506104,10.000000
100000.000000,73287.445312,199574.031250,457.690704,1081.390381,10.000000
100000.000000,97645.664062,139736.234375,556.062073,810.842468,10.000000
100000.000000,143925.984375,-69258.710938,827.401245,-420.922516,10.000000
100000.000000,21851.527344,163013.984375,120.507843,929.353760,10.000000
100000.000000,-39338.429688,99162.648438,-282.728912,519.051819,10.000000
100000.000000,81656.375000,88923.617188,467.385437,513.337952,10.000000
100000.000000,-37162.128906,171770.000000,-269.499512,968.469055,10.000000
100000.000000,-17615.001953,214721.343750,-146.131195,1233.840210,10.000000
100000.000000,83623.101562,129950.562500,477.983307,753.437622,10.000000
100000.000000,43979.386719,155943.078125,236.637558,872.022278,10.000000
100000.000000,97704.156250,150163.828125,554.863098,873.126282,10.000000
100000.000000,-2742.052979,431731.593750,-42.795528,2540.015625,10.000000
100000.000000,20745.419922,412129.093750,112.052902,2372.784912,10.000000
100000.000000,76310.117188,103801.085938,436.772736,599.857727,10.000000
100000.000000,90383.632812,178569.484375,502.582367,1053.206055,10.000000
100000.000000,81644.851562,144777.156250,466.540344,842.148804,10.000000
100000.000000,51527.851562,71775.515625,295.340393,414.184204,10.000000
100000.000000,65489.613281,90485.445312,375.116150,522.408569,10.000000
100000.000000,51311.753906,79219.445312,294.052795,457.186005,10.000000
100000.000000,47267.382812,64408.218750,270.999939,371.695740,10.000000
100000.000000,74485.390625,84210.453125,426.463196,485.963287,10.000000
100000.000000,51613.570312,66126.140625,295.882721,381.543488,10.000000
100000.000000,1232907.875000,1055978.750000,7062.888672,6049.032227,10.000000
100000.000000,89091.984375,75508.257812,509.750977,435.304626,10.000000
100000.000000,73224.609375,61741.308594,419.433411,355.851624,10.000000
100000.000000,84909.929688,140689.578125,484.746460,817.246521,10.000000
100000.000000,51921.652344,195469.687500,330.643921,1122.121460,10.000000
100000.000000,89146.687500,161897.125000,505.405823,946.644470,10.000000
100000.000000,65124.308594,109550.796875,373.089020,633.173523,10.000000
100000.000000,73174.109375,90850.132812,418.846863,524.385864,10.000000
100000.000000,62837.722656,94860.593750,359.896820,547.659790,10.000000
100000.000000,55926.546875,70158.000000,320.444366,404.680573,10.000000
100000.000000,72981.460938,73929.257812,417.865662,426.319214,10.000000
100000.000000,66656.312500,109046.765625,381.783844,630.230408,10.000000
100000.000000,50241.500000,78120.289062,287.833435,450.703827,10.000000
100000.000000,54692.886719,55305.546875,313.593689,318.913055,10.000000
100000.000000,73169.320312,61098.871094,419.074158,352.098480,10.000000
100000.000000,-75988.289062,56763.914062,-442.672943,318.685455,10.000000
100000.000000,-1052.644775,269085.437500,-9.750419,1538.885010,10.000000
100000.000000,62979.222656,113630.351562,360.937897,656.886841,10.000000
100000.000000,53357.550781,94069.992188,305.708374,542.944275,10.000000
100000.000000,95163.968750,83697.351562,544.099243,482.577026,10.000000
100000.000000,79541.523438,86456.242188,455.105835,498.786102,10.000000
100000.000000,47191.269531,75629.109375,270.335938,436.285980,10.000000
100000.000000,53641.246094,79529.453125,307.263336,458.790802,10.000000
100000.000000,47253.476562,170411.343750,278.732452,981.690125,10.000000
100000.000000,54200.960938,64458.101562,310.581909,371.722778,10.000000
100000.000000,90663.960938,114521.484375,517.863892,662.067688,10.000000
100000.000000,57958.800781,57733.472656,332.178741,332.829010,10.000000
100000.000000,47766.492188,60974.164062,273.772491,351.706238,10.000000
100000.000000,89010.171875,134515.156250,507.829010,779.994019,10.000000
100000.000000,48323.742188,59215.390625,276.991760,341.544647,10.000000
100000.000000,56682.468750,89621.875000,324.650269,517.149170,10.000000
100000.000000,75881.992188,103898.109375,434.138336,600.150269,10.000000
100000.000000,83407.593750,117617.781250,476.730164,680.332153,10.000000
100000.000000,67591.195312,81386.492188,386.952576,469.438263,10.000000
100000.000000,-67484.085938,-10599.834961,-406.819733,-87.658165,10.000000
100000.000000,66857.070312,83565.656250,382.738983,482.049011,10.000000
100000.000000,66983.601562,102729.656250,383.493683,593.281921,10.000000
100000.000000,75299.554688,200844.484375,973.900513,972.273315,10.000000
100000.000000,48516.917969,64290.792969,277.985596,370.781586,10.000000
100000.000000,77587.890625,64200.351562,444.123840,369.889648,10.000000
100000.000000,40993.113281,53702.082031,235.034576,309.873718,10.000000
100000.000000,54767.582031,95575.445312,313.726562,551.570374,10.000000
100000.000000,70213.179688,93023.414062,401.838348,536.849121,10.000000
100000.000000,79721.164062,133185.234375,455.786896,772.230408,10.000000
100000.000000,42435.914062,53992.675781,243.297882,311.500916,10.000000
100000.000000,54880.464844,88817.640625,314.304047,512.411377,10.000000
100000.000000,51331.132812,76106.195312,293.984802,438.920319,10.000000
100000.000000,-4903862.000000,229295.515625,-28105.726562,1311.012085,10.000000
100000.000000,-547457.500000,-173805.125000,-3140.466309,-999.140564,10.000000
100000.000000,143736.187500,1160241.250000,821.112549,6646.277832,10.000000
100000.000000,11527229.000000,20288310.000000,66056.062500,116262.015625,10.000000
100000.000000,3958.388428,55368.558594,20.794107,316.437744,10.000000
100000.000000,-27986.216797,-25559.656250,-162.198807,-147.831802,10.000000
100000.000000,-5479.268066,-10169.150391,-33.301403,-59.746708,10.000000
100000.000000,-50636.488281,-44238.980469,-291.751587,-254.697678,10.000000
100000.000000,-1064.952881,12573.807617,-8.071034,70.676033,10.000000
100000.000000,-2821.312500,98757.625000,-17.373528,565.774231,10.000000
100000.000000,-18645.818359,-14871.483398,-108.744598,-86.636024,10.000000
100000.000000,-16345.433594,28355.941406,-95.759819,161.285828,10.000000
100000.000000,-43021.789062,-44579.656250,-248.178574,-256.681915,10.000000
100000.000000,31226.218750,50520.714844,177.115250,288.739166,10.000000
100000.000000,-31260.111328,10559.576172,-181.158340,59.259106,10.000000
100000.000000,-22233.494141,17443.914062,-129.474106,98.697311,10.000000
100000.000000,-39636.941406,-47624.152344,-228.791824,-274.125519,10.000000
100000.000000,25209.412109,147174.984375,147.280914,846.718018,10.000000
100000.000000,-3152.605469,52827.152344,-20.017244,301.786133,10.000000
100000.000000,-18306.628906,21415.222656,-106.977570,121.458954,10.000000
100000.000000,-612.140198,16991.228516,-5.478998,96.018990,10.000000
100000.000000,-60986.667969,-37386.644531,-350.982330,-215.413696,10.000000
100000.000000,-20437.681641,-209.850952,-119.083183,-2.575587,10.000000
100000.000000,247.999619,55482.667969,-0.472886,317.062744,10.000000
100000.000000,16255.248047,37075.902344,91.261223,211.358292,10.000000
100000.000000,23668.720703,68018.859375,133.977188,389.409119,10.000000
100000.000000,-11901.581055,63564.750000,-70.202904,363.391296,10.000000
100000.000000,-14529.985352,61526.101562,-85.331276,351.666168,10.000000
100000.000000,-14703.050781,51622.359375,-86.361725,294.811279,10.000000
100000.000000,-68683.992188,-64452.707031,-394.900696,-370.330811,10.000000
100000.000000,-14062.466797,51416.363281,-82.672852,293.630463,10.000000
100000.000000,10980.048828,29544.244141,61.003769,168.072693,10.000000
100000.000000,-56631.953125,-34736.578125,-326.090729,-200.254990,10.000000
100000.000000,-7834.400391,27018.103516,-46.913746,153.573410,10.000000
100000.000000,21765.173828,27835.673828,122.853249,158.262772,10.000000
100000.000000,-11533.861328,75887.914062,-67.938347,434.145874,10.000000
100000.000000,-6363.653320,67804.546875,-38.322193,387.779785,10.000000
100000.000000,-24598.160156,-7250.549805,-142.887482,-42.928761,10.000000
100000.000000,-2298.568115,47631.710938,-15.124658,271.927368,10.000000
100000.000000,13099.719727,13427.712891,73.178429,75.530746,10.000000
100000.000000,-5042.075195,92018.789062,-30.288536,526.935120,10.000000
100000.000000,-14915.520508,32141.068359,-87.558441,182.978088,10.000000
100000.000000,4679.270020,9030.551758,24.895226,50.313793,10.000000
100000.000000,-28364.076172,-34565.050781,-164.316681,-199.411621,10.000000
100000.000000,-12061.012695,51304.035156,-71.166313,292.974335,10.000000
100000.000000,2812.820068,57867.734375,14.277248,330.761108,10.000000
100000.000000,-14929.259766,48228.917969,-87.653908,275.311920,10.000000
100000.000000,-37079.855469,-4141.278320,-214.392197,-25.032619,10.000000
100000.000000,-586.273804,67475.687500,-5.134175,385.941254,10.000000
100000.000000,-60520.957031,-55411.988281,-348.251282,-318.619232,10.000000
100000.000000,21177.962891,60694.609375,119.642693,347.188416,10.000000
100000.000000,-55974.437500,-14709.931641,-322.422150,-85.517204,10.000000
100000.000000,9785.920898,150278.281250,58.536839,862.594177,10.000000
100000.000000,-23969.814453,-34145.269531,-139.151291,-197.029739,10.000000
100000.000000,-11809.252930,89814.914062,-69.230957,514.085815,10.000000
100000.000000,7949.435547,51289.257812,43.711029,292.976990,10.000000
100000.000000,-1225.221313,35353.953125,-8.988319,201.400330,10.000000
100000.000000,-41259.195312,7725.141113,-238.395309,43.046932,10.000000
100000.000000,12040.940430,88170.453125,67.732689,505.207794,10.000000
100000.000000,6524.080566,158203.156250,40.464924,907.538635,10.000000
100000.000000,19355.175781,100291.664062,110.053734,575.285828,10.000000
100000.000000,-6580.166992,-7410.685547,-39.614468,-43.951004,10.000000
100000.000000,-82909.632812,-82944.671875,-476.191284,-476.090179,10.000000
100000.000000,-6154.176758,76094.296875,-36.979733,435.360687,10.000000
100000.000000,-27506.265625,-19321.902344,-159.484680,-112.108612,10.000000
100000.000000,-31260.671875,7815.180176,-181.155136,43.483471,10.000000
100000.000000,-17099.621094,43887.343750,-100.111603,250.362335,10.000000
100000.000000,-5357.971191,13430.558594,-32.671566,75.566628,10.000000
100000.000000,-13210.077148,92394.601562,-77.205170,528.833740,10.000000
100000.000000,26317.173828,89688.531250,149.619186,514.316833,10.000000
100000.000000,-14017.526367,25386.660156,-82.382118,144.180542,10.000000
100000.000000,-1981.349976,-6247.653320,-13.244162,-37.302242,10.000000
100000.000000,-40439.351562,-28211.841797,-233.489395,-162.970245,10.000000
100000.000000,-7610.644531,18599.287109,-45.604378,105.222328,10.000000
100000.000000,-23737.646484,50259.058594,-138.303986,286.923340,10.000000
100000.000000,-31297.865234,34921.984375,-181.646683,199.014603,10.000000
100000.000000,-21931.554688,13894.301758,-127.725105,78.283470,10.000000
100000.000000,-45409.988281,-60334.941406,-261.786316,-346.856506,10.000000
100000.000000,-39215.082031,12852.193359,-226.745209,72.435310,10.000000
100000.000000,-802.227417,74098.015625,-6.241907,423.958405,10.000000
100000.000000,2975.847412,16648.722656,15.131833,94.009628,10.000000
100000.000000,8497.630859,54849.304688,46.906712,313.416229,10.000000
100000.000000,-27969.587891,37758.074219,-162.553055,215.234924,10.000000
100000.000000,-63482.484375,-52786.734375,-365.204559,-303.582306,10.000000
100000.000000,-15381.844727,45072.937500,-90.224716,257.148010,10.000000
100000.000000,6276.978027,61756.781250,34.237202,353.101105,10.000000
100000.000000,-33780.109375,-37446.367188,-195.318924,-215.890701,10.000000
100000.000000,-15650.692383,-18432.496094,-91.555298,-107.072098,10.000000
100000.000000,-17565.119141,25228.492188,-102.720642,143.280228,10.000000
100000.000000,-29300.298828,35609.265625,-170.163986,202.915283,10.000000
100000.000000,-25721.058594,13030.344727,-149.438690,73.347008,10.000000
100000.000000,-5898.022461,89258.546875,-35.098831,509.517181,10.000000
100000.000000,-71209.171875,-58706.359375,-408.201111,-336.472626,10.000000
100000.000000,-44686.042969,-892.616638,-257.212585,-6.352993,10.000000
100000.000000,-70274.210938,-39105.628906,-402.938293,-224.582230,10.000000
100000.000000,-56137.460938,-13351.084961,-322.445862,-77.511108,10.000000
100000.000000,-26028.435547,43465.453125,-150.967255,247.234665,10.000000
100000.000000,-17179.689453,42288.824219,-100.238647,240.474731,10.000000
100000.000000,-6508.070312,64069.085938,-38.993763,365.200714,10.000000
100000.000000,-15079.465820,83468.304688,-87.835983,476.148804,10.000000
