Mass,x_pos,y_pos,x_vel,y_vel,radius
302 
100000.000000,101654.812500,110826.164062,576.234619,635.397827,10.000000
100000.000000,134239.437500,138600.500000,757.486267,793.217346,10.000000
100000.000000,-188078.859375,17038.519531,-1083.904053,86.328667,10.000000
100000.000000,76566.968750,199943.000000,507.881104,1109.355591,10.000000
100000.000000,54998.773438,166203.687500,300.475098,921.656799,10.000000
100000.000000,81049.070312,202592.500000,324.971344,1188.490967,10.000000
100000.000000,88358.906250,96697.640625,501.628204,554.049133,10.000000
100000.000000,37465.167969,15743.051758,208.481552,77.388680,10.000000
100000.000000,231622.046875,173243.031250,1311.339600,983.474609,10.000000
100000.000000,91930.125000,101854.679688,521.633789,583.727661,10.000000
100000.000000,-109340.078125,359386.718750,-632.585876,2047.587402,10.000000
100000.000000,-113214.437500,90120.726562,-670.623352,496.460999,10.000000
100000.000000,88916.101562,149145.781250,502.729523,861.057129,10.000000
100000.000000,43521.671875,162184.515625,237.162537,909.119446,10.000000
100000.000000,60534.175781,72614.210938,344.334259,415.754761,10.000000
100000.000000,-59326.679688,120015.765625,-355.601807,670.503357,10.000000
100000.000000,63330.632812,73918.914062,360.174591,423.198547,10.000000
100000.000000,103230.320312,165303.750000,577.233643,954.916016,10.000000
100000.000000,341034.125000,293863.031250,1934.985107,1667.628418,10.000000
100000.000000,98976.242188,162232.515625,588.178833,874.429688,10.000000
100000.000000,979383.937500,1022146.562500,5562.693848,5805.766602,10.000000
100000.000000,1112941.250000,940147.500000,6321.525391,5339.733398,10.000000
100000.000000,1119748.250000,964515.687500,6360.082031,5478.114746,10.000000
100000.000000,417666.531250,369754.187500,2370.579346,2098.638184,10.000000
100000.000000,75268.882812,174258.250000,428.017395,933.224609,10.000000
100000.000000,-59912.574219,312570.875000,-402.793732,1821.194458,10.000000
100000.000000,87529.132812,128130.226562,495.927094,736.171143,10.000000
100000.000000,189384.593750,224625.375000,1068.602783,1273.304932,10.000000
100000.000000,102060.265625,163044.859375,571.369690,941.549805,10.000000
100000.000000,73989.148438,201207.609375,472.776489,1092.923218,10.000000
100000.000000,98479.750000,140952.531250,556.052734,810.868103,10.000000
100000.000000,145167.093750,-69890.093750,827.400879,-420.921051,10.000000
100000.000000,22032.312500,164408.031250,120.529877,929.369446,10.000000
100000.000000,-39762.519531,99941.226562,-282.725220,519.055115,10.000000
100000.000000,82357.460938,89693.632812,467.384888,513.347168,10.000000
100000.000000,-37566.371094,173222.703125,-269.491180,968.471252,10.000000
100000.000000,-17834.183594,216572.109375,-146.118149,1233.838379,10.000000
100000.000000,84340.078125,131080.734375,477.980652,753.460144,10.000000
100000.000000,44334.363281,157251.140625,236.659531,872.053955,10.000000
100000.000000,98536.437500,151473.546875,554.847961,873.160706,10.000000
100000.000000,-2806.245605,435541.593750,-42.794899,2540.013428,10.000000
100000.000000,20913.501953,415688.312500,112.053520,2372.782715,10.000000
100000.000000,76965.265625,104700.882812,436.772644,599.870056,10.000000
100000.000000,91137.414062,180149.421875,502.494049,1053.337646,10.000000
100000.000000,82344.648438,146040.421875,466.536285,842.184875,10.000000
100000.000000,51970.867188,72396.796875,295.341583,414.190826,10.000000
100000.000000,66052.281250,91269.070312,375.116974,522.417969,10.000000
100000.000000,51752.835938,79905.226562,294.054260,457.193390,10.000000
100000.000000,47673.882812,64965.769531,271.001129,371.701599,10.000000
100000.000000,75125.093750,84939.406250,426.463287,485.971802,10.000000
100000.000000,52057.394531,66698.460938,295.883820,381.549591,10.000000
100000.000000,1243502.375000,1065052.250000,7062.888672,6049.032227,10.000000
100000.000000,89856.609375,76161.226562,509.750153,435.311890,10.000000
100000.000000,73853.765625,62275.093750,419.433502,355.857605,10.000000
100000.000000,85637.046875,141915.484375,484.741577,817.277283,10.000000
100000.000000,52417.812500,197152.906250,330.839508,1122.168579,10.000000
100000.000000,89904.773438,163317.156250,505.383423,946.707947,10.000000
100000.000000,65683.945312,110500.570312,373.090546,633.187134,10.000000
100000.000000,73802.375000,91636.718750,418.847046,524.395447,10.000000
100000.000000,63377.570312,95682.093750,359.898010,547.669861,10.000000
100000.000000,56407.214844,70765.031250,320.445374,404.687134,10.000000
100000.000000,73608.250000,74568.750000,417.865753,426.326416,10.000000
100000.000000,67228.984375,109992.125000,381.785126,630.243958,10.000000
100000.000000,50673.253906,78796.351562,287.834900,450.711060,10.000000
100000.000000,55163.277344,55783.921875,313.594421,318.918365,10.000000
100000.000000,73797.937500,61627.023438,419.074249,352.104401,10.000000
100000.000000,-76652.296875,57241.945312,-442.671021,318.687286,10.000000
100000.000000,-1067.262085,271393.750000,-9.742102,1538.877686,10.000000
100000.000000,63520.628906,114615.695312,360.940002,656.901611,10.000000
100000.000000,53816.117188,94884.421875,305.710327,542.953796,10.000000
100000.000000,95980.109375,84421.218750,544.097900,482.585114,10.000000
100000.000000,80224.187500,87204.429688,455.105469,498.794922,10.000000
100000.000000,47596.773438,76283.546875,270.337494,436.292847,10.000000
100000.000000,54255.777344,80447.046875,307.265137,458.800781,10.000000
100000.000000,47811.019531,172374.812500,278.792694,981.756042,10.000000
100000.000000,54822.132812,65201.558594,310.583130,371.730774,10.000000
100000.000000,91699.679688,115845.648438,517.860474,662.087341,10.000000
100000.000000,58623.160156,58399.140625,332.179596,332.836365,10.000000
100000.000000,48314.039062,61677.585938,273.773956,351.713654,10.000000
100000.000000,90025.828125,136075.187500,507.822266,780.026794,10.000000
100000.000000,48877.726562,59898.488281,276.993103,341.551910,10.000000
100000.000000,57331.765625,90656.187500,324.652222,517.161072,10.000000
100000.000000,76750.273438,105098.429688,434.138214,600.166626,10.000000
100000.000000,84361.062500,118978.476562,476.728088,680.354004,10.000000
100000.000000,68365.101562,82325.382812,386.953308,469.449005,10.000000
100000.000000,-68297.710938,-10775.148438,-406.818390,-87.656197,10.000000
100000.000000,67622.539062,84529.765625,382.739838,482.060120,10.000000
100000.000000,67750.601562,103916.242188,383.495026,593.297729,10.000000
100000.000000,76653.625000,203861.890625,398.175659,1520.248169,10.000000
100000.000000,49072.886719,65032.367188,277.987122,370.789368,10.000000
100000.000000,78476.140625,64940.140625,444.123718,369.897888,10.000000
100000.000000,41463.187500,54321.835938,235.036102,309.880280,10.000000
100000.000000,55395.035156,96678.601562,313.729126,551.583496,10.000000
100000.000000,71016.867188,94097.132812,401.838959,536.862305,10.000000
100000.000000,80632.726562,134729.734375,455.784760,772.263672,10.000000
100000.000000,42922.507812,54615.687500,243.299362,311.507568,10.000000
100000.000000,55509.074219,89842.484375,314.306152,512.423035,10.000000
100000.000000,51919.101562,76984.046875,293.986633,438.929688,10.000000
100000.000000,-4960074.000000,231917.515625,-28105.726562,1311.012085,10.000000
100000.000000,-553738.500000,-175803.375000,-3140.466309,-999.140320,10.000000
100000.000000,145378.437500,1173533.750000,821.112549,6646.277832,10.000000
100000.000000,11659341.000000,20520838.000000,66056.062500,116262.015625,10.000000
100000.000000,3999.979980,56001.441406,20.796679,316.442993,10.000000
100000.000000,-28310.615234,-25855.318359,-162.197769,-147.829544,10.000000
100000.000000,-5545.869629,-10288.640625,-33.300327,-59.743893,10.000000
100000.000000,-51219.988281,-44748.371094,-291.750610,-254.695877,10.000000
100000.000000,-1081.093262,12715.164062,-8.069637,70.679482,10.000000
100000.000000,-2856.052246,99889.187500,-17.367907,565.781555,10.000000
100000.000000,-18863.304688,-15044.751953,-108.743492,-86.633476,10.000000
100000.000000,-16536.949219,28678.517578,-95.757935,161.289383,10.000000
100000.000000,-43518.148438,-45093.015625,-248.177658,-256.680084,10.000000
100000.000000,31580.453125,51098.199219,177.117020,288.745178,10.000000
100000.000000,-31622.423828,10678.097656,-181.156754,59.261929,10.000000
100000.000000,-22492.439453,17641.312500,-129.472443,98.700455,10.000000
100000.000000,-40094.519531,-48172.402344,-228.790970,-274.123688,10.000000
100000.000000,25503.998047,148868.437500,147.300110,846.738770,10.000000
100000.000000,-3192.636719,53430.730469,-20.014688,301.790985,10.000000
100000.000000,-18520.582031,21658.144531,-106.975838,121.462280,10.000000
100000.000000,-623.096375,17183.271484,-5.477518,96.022583,10.000000
100000.000000,-61688.636719,-37817.472656,-350.981354,-215.411926,10.000000
100000.000000,-20675.845703,-214.998627,-119.081848,-2.572785,10.000000
100000.000000,247.057144,56116.800781,-0.470260,317.067841,10.000000
100000.000000,16437.771484,37498.621094,91.262939,211.363052,10.000000
100000.000000,23936.679688,68797.687500,133.979919,389.416138,10.000000
100000.000000,-12041.982422,64291.539062,-70.199799,363.396210,10.000000
100000.000000,-14700.643555,62229.441406,-85.328255,351.670868,10.000000
100000.000000,-14875.771484,52211.984375,-86.359116,294.815613,10.000000
100000.000000,-69473.804688,-65193.363281,-394.899841,-370.329346,10.000000
100000.000000,-14227.809570,52003.628906,-82.670258,293.634827,10.000000
100000.000000,11102.058594,29880.394531,61.005379,168.076996,10.000000
100000.000000,-57284.136719,-35137.085938,-326.089722,-200.253159,10.000000
100000.000000,-7928.225586,27325.255859,-46.911964,153.577148,10.000000
100000.000000,22010.884766,28152.205078,122.854630,158.267242,10.000000
100000.000000,-11669.733398,76756.218750,-67.934570,434.151337,10.000000
100000.000000,-6440.293457,68580.109375,-38.318905,387.785156,10.000000
100000.000000,-24883.933594,-7336.403809,-142.886246,-42.926159,10.000000
100000.000000,-2328.814453,48175.570312,-15.122310,271.932007,10.000000
100000.000000,13246.079102,13578.779297,73.179672,75.534492,10.000000
100000.000000,-5102.645996,93072.664062,-30.283573,526.941895,10.000000
100000.000000,-15090.634766,32507.029297,-87.556465,182.981796,10.000000
100000.000000,4729.062012,9131.183594,24.896496,50.317245,10.000000
100000.000000,-28692.708984,-34963.871094,-164.315765,-199.409485,10.000000
100000.000000,-12203.341797,51889.988281,-71.163734,292.978760,10.000000
100000.000000,2841.377930,58529.265625,14.279942,330.766449,10.000000
100000.000000,-15104.564453,48779.542969,-87.651421,275.316132,10.000000
100000.000000,-37508.636719,-4191.340820,-214.390854,-25.030149,10.000000
100000.000000,-596.538147,68247.578125,-5.130961,385.946930,10.000000
100000.000000,-61217.457031,-56049.222656,-348.250427,-318.617645,10.000000
100000.000000,21417.251953,61388.996094,119.645134,347.194733,10.000000
100000.000000,-56619.281250,-14880.963867,-322.420929,-85.515144,10.000000
100000.000000,9903.016602,152003.468750,58.554432,862.607910,10.000000
100000.000000,-24248.117188,-34539.332031,-139.150375,-197.027557,10.000000
100000.000000,-11947.708984,90843.101562,-69.226212,514.091919,10.000000
100000.000000,8036.860352,51875.218750,43.713367,292.982208,10.000000
100000.000000,-1243.195435,35756.761719,-8.986383,201.404526,10.000000
100000.000000,-41735.980469,7811.238281,-238.393753,43.049519,10.000000
100000.000000,12176.411133,89180.882812,67.737160,505.215790,10.000000
100000.000000,6605.034668,160018.250000,40.484699,907.551025,10.000000
100000.000000,19575.289062,101442.250000,110.059334,575.295959,10.000000
100000.000000,-6659.394531,-7498.583984,-39.613346,-43.948143,10.000000
100000.000000,-83862.007812,-83896.859375,-476.190552,-476.088928,10.000000
100000.000000,-6228.130859,76965.015625,-36.975964,435.366486,10.000000
100000.000000,-27825.234375,-19546.117188,-159.483582,-112.106247,10.000000
100000.000000,-31622.980469,7902.150879,-181.153610,43.486240,10.000000
100000.000000,-17299.839844,44388.078125,-100.109261,250.366333,10.000000
100000.000000,-5423.312500,13581.696289,-32.670109,75.570015,10.000000
100000.000000,-13364.481445,93452.281250,-77.200241,528.839844,10.000000
100000.000000,26616.417969,90717.179688,149.623367,514.326355,10.000000
100000.000000,-14182.288086,25675.025391,-82.380325,144.184067,10.000000
100000.000000,-2007.837036,-6322.253906,-13.243063,-37.299290,10.000000
100000.000000,-40906.335938,-28537.779297,-233.488358,-162.968170,10.000000
100000.000000,-7701.851074,18809.736328,-45.602791,105.225815,10.000000
100000.000000,-24014.250000,50832.910156,-138.301392,286.927277,10.000000
100000.000000,-31661.154297,35320.015625,-181.644547,199.017929,10.000000
100000.000000,-22187.001953,14050.873047,-127.723511,78.286545,10.000000
100000.000000,-45933.566406,-61028.652344,-261.785583,-346.854797,10.000000
100000.000000,-39668.566406,12997.067383,-226.743561,72.438026,10.000000
100000.000000,-814.706726,74945.945312,-6.238305,423.964417,10.000000
100000.000000,3006.112793,16836.746094,15.133265,94.013283,10.000000
100000.000000,8591.447266,55476.144531,46.909180,313.421631,10.000000
100000.000000,-28294.689453,38188.546875,-162.550858,215.238419,10.000000
100000.000000,-64212.890625,-53393.890625,-365.203705,-303.580719,10.000000
100000.000000,-15562.291016,45587.234375,-90.222343,257.152100,10.000000
100000.000000,6345.456055,62462.988281,34.240017,353.106812,10.000000
100000.000000,-34170.750000,-37878.148438,-195.318008,-215.888672,10.000000
100000.000000,-15833.801758,-18646.636719,-91.554253,-107.069580,10.000000
100000.000000,-17770.556641,25515.056641,-102.718826,143.283676,10.000000
100000.000000,-29640.625000,36015.097656,-170.161850,202.918686,10.000000
100000.000000,-26019.933594,13177.041992,-149.437103,73.349983,10.000000
100000.000000,-5950.667480,90022.820312,-35.095318,509.522034,10.000000
100000.000000,-71821.476562,-59211.062500,-408.200470,-336.471527,10.000000
100000.000000,-45071.859375,-902.144348,-257.211487,-6.351195,10.000000
100000.000000,-70878.617188,-39442.496094,-402.937561,-224.580978,10.000000
100000.000000,-56621.128906,-13467.349609,-322.444946,-77.509552,10.000000
100000.000000,-26254.882812,43836.304688,-150.965485,247.237427,10.000000
100000.000000,-17330.046875,42649.539062,-100.236938,240.477676,10.000000
100000.000000,-6566.558594,64616.890625,-38.991455,365.204590,10.000000
100000.000000,-15211.215820,84182.539062,-87.832817,476.152954,10.000000
