Mass,x_pos,y_pos,x_vel,y_vel,radius
355 
100000.000000,111738.585938,121946.859375,576.197510,635.529663,10.000000
100000.000000,147494.390625,152482.937500,757.374634,793.339783,10.000000
100000.000000,-207047.218750,18549.335938,-1083.895386,86.335541,10.000000
100000.000000,84946.773438,220641.015625,442.262177,1249.020508,10.000000
100000.000000,60260.312500,182338.312500,300.821442,922.263794,10.000000
100000.000000,86110.203125,223365.453125,239.246506,1181.675903,10.000000
100000.000000,97137.296875,106394.500000,501.615356,554.157715,10.000000
100000.000000,41113.648438,17097.664062,208.488419,77.422127,10.000000
100000.000000,254570.046875,190453.734375,1311.291138,983.483704,10.000000
100000.000000,101058.531250,112071.015625,521.615051,583.845764,10.000000
100000.000000,-120410.179688,395219.062500,-632.569824,2047.574463,10.000000
100000.000000,-124950.164062,98808.929688,-670.601318,496.474091,10.000000
100000.000000,97712.960938,164217.984375,502.631775,861.456909,10.000000
100000.000000,47674.703125,178097.453125,237.450165,909.480042,10.000000
100000.000000,66560.101562,79890.593750,344.342712,415.826935,10.000000
100000.000000,-65549.320312,131749.812500,-355.559601,670.529114,10.000000
100000.000000,69633.765625,81325.570312,360.181702,423.272614,10.000000
100000.000000,113328.726562,182019.140625,576.889160,955.386108,10.000000
100000.000000,374896.625000,323046.468750,1934.970215,1667.624146,10.000000
100000.000000,109266.765625,177539.609375,587.899780,874.917969,10.000000
100000.000000,1076732.000000,1123747.250000,5562.693848,5805.766602,10.000000
100000.000000,1223567.500000,1033593.125000,6321.525391,5339.733398,10.000000
100000.000000,1231048.250000,1060382.625000,6360.082031,5478.114746,10.000000
100000.000000,459151.375000,406480.125000,2370.570801,2098.638184,10.000000
100000.000000,82759.492188,190603.593750,428.049011,934.710205,10.000000
100000.000000,-66961.171875,344441.656250,-402.762207,1821.168945,10.000000
100000.000000,96207.539062,141015.218750,495.893433,736.387024,10.000000
100000.000000,208084.296875,246908.046875,1068.511108,1273.287720,10.000000
100000.000000,112056.406250,179526.265625,571.065308,942.011658,10.000000
100000.000000,83713.492188,222828.453125,504.819336,1725.620239,10.000000
100000.000000,108209.757812,155145.218750,555.953918,811.138611,10.000000
100000.000000,159646.703125,-77256.070312,827.396606,-420.905853,10.000000
100000.000000,24143.734375,180673.531250,120.761330,929.534363,10.000000
100000.000000,-44709.851562,109025.015625,-282.686646,519.089478,10.000000
100000.000000,90536.617188,98678.101562,467.379364,513.444153,10.000000
100000.000000,-42281.652344,190171.156250,-269.404175,968.494019,10.000000
100000.000000,-20389.982422,238164.078125,-145.981888,1233.818359,10.000000
100000.000000,92704.468750,144268.484375,477.952698,753.697754,10.000000
100000.000000,48478.035156,172515.156250,236.888824,872.384827,10.000000
100000.000000,108244.789062,166757.234375,554.687683,873.524109,10.000000
100000.000000,-3555.095215,479991.593750,-42.788322,2539.996094,10.000000
100000.000000,22874.496094,457211.468750,112.059952,2372.757080,10.000000
100000.000000,84608.664062,115199.804688,436.771576,599.999390,10.000000
100000.000000,99922.304688,198595.843750,501.542786,1054.748901,10.000000
100000.000000,90508.640625,160782.140625,466.493134,842.564941,10.000000
100000.000000,57139.460938,79645.773438,295.354370,414.260468,10.000000
100000.000000,72616.968750,100412.304688,375.125763,522.516846,10.000000
100000.000000,56898.925781,87906.828125,294.069550,457.271301,10.000000
100000.000000,52416.519531,71471.125000,271.013763,371.763214,10.000000
100000.000000,82588.296875,93444.742188,426.464264,486.061432,10.000000
100000.000000,57235.457031,73376.179688,295.895081,381.613800,10.000000
100000.000000,1367104.875000,1170909.750000,7062.888672,6049.032227,10.000000
100000.000000,98777.218750,83779.890625,509.741821,435.388092,10.000000
100000.000000,81193.921875,68503.187500,419.434570,355.920654,10.000000
100000.000000,94119.546875,156220.828125,484.689911,817.601196,10.000000
100000.000000,58226.953125,216795.578125,332.951843,1122.684082,10.000000
100000.000000,98746.789062,179890.765625,505.145447,947.380554,10.000000
100000.000000,72213.179688,121582.671875,373.106476,633.330688,10.000000
100000.000000,81132.140625,100814.585938,418.849182,524.496155,10.000000
100000.000000,69675.882812,105267.304688,359.910522,547.776184,10.000000
100000.000000,62015.097656,77847.687500,320.455536,404.756317,10.000000
100000.000000,80920.789062,82030.156250,417.866821,426.402069,10.000000
100000.000000,73910.359375,121022.726562,381.798553,630.386719,10.000000
100000.000000,55710.507812,86684.500000,287.850403,450.787201,10.000000
100000.000000,60651.253906,61365.515625,313.602325,318.974213,10.000000
100000.000000,81131.804688,67789.437500,419.075317,352.166840,10.000000
100000.000000,-84398.867188,62819.148438,-442.650787,318.706604,10.000000
100000.000000,-1236.936890,298323.406250,-9.654569,1538.799683,10.000000
100000.000000,69837.273438,126112.914062,360.961853,657.056946,10.000000
100000.000000,59166.230469,104387.031250,305.730957,543.054199,10.000000
100000.000000,105501.695312,92867.250000,544.083618,482.670227,10.000000
100000.000000,88188.601562,95934.210938,455.102234,498.887848,10.000000
100000.000000,52327.828125,83919.335938,270.353668,436.365051,10.000000
100000.000000,59479.402344,88247.351562,307.278748,458.877319,10.000000
100000.000000,52554.664062,189069.250000,279.256195,982.264465,10.000000
100000.000000,60102.136719,71521.531250,310.592621,371.792023,10.000000
100000.000000,100503.070312,127102.484375,517.833679,662.238342,10.000000
100000.000000,64270.277344,64057.863281,332.186401,332.892792,10.000000
100000.000000,53105.179688,67833.117188,273.785461,351.772217,10.000000
100000.000000,98912.218750,149728.046875,507.769135,780.285156,10.000000
100000.000000,53725.199219,65876.179688,277.003998,341.609222,10.000000
100000.000000,63013.324219,99707.382812,324.667938,517.255066,10.000000
100000.000000,84347.734375,115602.531250,434.137146,600.295410,10.000000
100000.000000,92703.656250,130886.273438,476.711365,680.526245,10.000000
100000.000000,75136.781250,90541.523438,386.958740,469.533417,10.000000
100000.000000,-75416.929688,-12308.988281,-406.807983,-87.640770,10.000000
100000.000000,74320.570312,92966.625000,382.746063,482.147522,10.000000
100000.000000,74461.851562,114300.109375,383.505554,593.422119,10.000000
100000.000000,84189.601562,223486.437500,787.400635,1404.035156,10.000000
100000.000000,53937.777344,71521.742188,277.999115,370.850800,10.000000
100000.000000,86248.328125,71413.953125,444.122650,369.962769,10.000000
100000.000000,45576.433594,59745.214844,235.048157,309.932007,10.000000
100000.000000,60885.480469,106332.281250,313.749237,551.686951,10.000000
100000.000000,78049.132812,103493.187500,401.843842,536.966064,10.000000
100000.000000,88608.796875,148246.765625,455.767731,772.526123,10.000000
100000.000000,47180.359375,60067.554688,243.311035,311.559875,10.000000
100000.000000,61009.585938,98810.742188,314.322845,512.514893,10.000000
100000.000000,57064.003906,84666.000000,294.000763,439.003448,10.000000
100000.000000,-5451929.000000,254860.015625,-28105.726562,1311.012085,10.000000
100000.000000,-608697.250000,-193288.062500,-3140.466309,-999.138184,10.000000
100000.000000,159748.125000,1289843.125000,821.112549,6646.277832,10.000000
100000.000000,12815321.000000,22555458.000000,66056.062500,116262.015625,10.000000
100000.000000,4364.109863,61539.578125,20.816896,316.484283,10.000000
100000.000000,-31149.001953,-28442.171875,-162.189667,-147.811722,10.000000
100000.000000,-6128.546387,-11333.952148,-33.291859,-59.721741,10.000000
100000.000000,-56325.558594,-49205.417969,-291.743408,-254.681671,10.000000
100000.000000,-1222.209961,13952.306641,-8.058640,70.706642,10.000000
100000.000000,-3159.580811,109790.898438,-17.323662,565.839600,10.000000
100000.000000,-20766.234375,-16560.650391,-108.734772,-86.613419,10.000000
100000.000000,-18212.576172,31501.341797,-95.743080,161.317398,10.000000
100000.000000,-47861.187500,-49584.781250,-248.170593,-256.665314,10.000000
100000.000000,34680.128906,56151.675781,177.130844,288.792389,10.000000
100000.000000,-34792.554688,11715.387695,-181.144363,59.284138,10.000000
100000.000000,-24758.087891,19368.798828,-129.459274,98.725250,10.000000
100000.000000,-44098.304688,-52969.429688,-228.784164,-274.108978,10.000000
100000.000000,28083.150391,163687.875000,147.451447,846.902405,10.000000
100000.000000,-3542.707031,58712.425781,-19.994568,301.829102,10.000000
100000.000000,-20392.533203,23783.980469,-106.962189,121.488480,10.000000
100000.000000,-718.844788,18863.925781,-5.465869,96.050858,10.000000
100000.000000,-67830.687500,-41587.050781,-350.973389,-215.397949,10.000000
100000.000000,-22759.681641,-259.817871,-119.071358,-2.550738,10.000000
100000.000000,239.019226,61665.859375,-0.449596,317.107971,10.000000
100000.000000,18034.998047,41197.828125,91.276436,211.400558,10.000000
100000.000000,26281.527344,75612.992188,134.001389,389.471558,10.000000
100000.000000,-13270.251953,70651.328125,-70.175377,363.434784,10.000000
100000.000000,-16193.666992,68384.015625,-85.304489,351.707916,10.000000
100000.000000,-16386.867188,57371.574219,-86.338608,294.849731,10.000000
100000.000000,-76384.445312,-71674.039062,-394.893524,-370.317657,10.000000
100000.000000,-15674.351562,57142.554688,-82.649834,293.669067,10.000000
100000.000000,12169.770508,32822.058594,61.018047,168.110809,10.000000
100000.000000,-62990.632812,-38641.386719,-326.081665,-200.238647,10.000000
100000.000000,-8749.053711,30013.125000,-46.897934,153.606537,10.000000
100000.000000,24160.939453,30922.208984,122.865509,158.302429,10.000000
100000.000000,-12858.313477,84354.257812,-67.904869,434.194275,10.000000
100000.000000,-7110.634277,75366.750000,-38.293053,387.827393,10.000000
100000.000000,-27384.353516,-8087.422363,-142.876434,-42.905674,10.000000
100000.000000,-2593.284180,52934.718750,-15.103840,271.968567,10.000000
100000.000000,14526.814453,14900.906250,73.189423,75.563934,10.000000
100000.000000,-5632.246094,102294.640625,-30.244507,526.995117,10.000000
100000.000000,-16622.730469,35709.480469,-87.540924,183.010956,10.000000
100000.000000,5164.843750,10011.988281,24.906483,50.344444,10.000000
100000.000000,-31568.166016,-38453.378906,-164.308380,-199.392731,10.000000
100000.000000,-13448.520508,57017.445312,-71.143463,293.013641,10.000000
100000.000000,3091.473633,64318.062500,14.301146,330.808411,10.000000
100000.000000,-16638.281250,53597.886719,-87.631889,275.349274,10.000000
100000.000000,-41260.382812,-4629.187988,-214.380219,-25.010710,10.000000
100000.000000,-686.095154,75002.054688,-5.105662,385.991608,10.000000
100000.000000,-67311.820312,-61624.921875,-348.243652,-318.604919,10.000000
100000.000000,23511.220703,67465.359375,119.664352,347.244659,10.000000
100000.000000,-62261.562500,-16377.327148,-322.411011,-85.498886,10.000000
100000.000000,10929.005859,167100.140625,58.693081,862.716064,10.000000
100000.000000,-26683.179688,-37987.152344,-139.143127,-197.010406,10.000000
100000.000000,-13158.821289,99840.156250,-69.188904,514.139771,10.000000
100000.000000,8802.014648,57002.789062,43.731758,293.023163,10.000000
100000.000000,-1400.315552,39281.648438,-8.971153,201.437531,10.000000
100000.000000,-45907.753906,8564.793945,-238.381485,43.069904,10.000000
100000.000000,13362.140625,98022.750000,67.772415,505.278900,10.000000
100000.000000,7314.962402,175901.296875,40.640594,907.649109,10.000000
100000.000000,21501.738281,111510.664062,110.103416,575.375549,10.000000
100000.000000,-7352.545898,-8267.466797,-39.604515,-43.925629,10.000000
100000.000000,-92195.289062,-92228.296875,-476.184967,-476.078857,10.000000
100000.000000,-6874.935059,84584.359375,-36.946301,435.412079,10.000000
100000.000000,-30616.119141,-21507.804688,-159.474915,-112.087662,10.000000
100000.000000,-34793.054688,8663.363281,-181.141586,43.508049,10.000000
100000.000000,-19051.582031,48769.781250,-100.090820,250.397766,10.000000
100000.000000,-5994.933594,14904.418945,-32.658630,75.596733,10.000000
100000.000000,-14715.125000,102707.421875,-77.161392,528.887695,10.000000
100000.000000,29235.132812,99718.578125,149.656174,514.401001,10.000000
100000.000000,-15623.812500,28198.505859,-82.366203,144.211914,10.000000
100000.000000,-2239.509766,-6974.776367,-13.234419,-37.276093,10.000000
100000.000000,-44992.304688,-31389.570312,-233.480072,-162.951736,10.000000
100000.000000,-8499.783203,20651.443359,-45.590321,105.253273,10.000000
100000.000000,-26434.333984,55854.425781,-138.280975,286.958435,10.000000
100000.000000,-34839.777344,38803.074219,-181.627762,199.044113,10.000000
100000.000000,-24422.046875,15421.109375,-127.710960,78.310722,10.000000
100000.000000,-50514.746094,-67098.484375,-261.779480,-346.841522,10.000000
100000.000000,-43636.468750,14264.931641,-226.730606,72.459373,10.000000
100000.000000,-923.614075,82365.765625,-6.209952,424.011871,10.000000
100000.000000,3271.049316,18482.248047,15.144532,94.042023,10.000000
100000.000000,9412.538086,60961.414062,46.928627,313.464264,10.000000
100000.000000,-31139.171875,41955.476562,-162.533508,215.265854,10.000000
100000.000000,-70603.945312,-58706.437500,-365.196777,-303.567993,10.000000
100000.000000,-17141.009766,50087.691406,-90.203659,257.184296,10.000000
100000.000000,6944.862305,68642.773438,34.262211,353.151733,10.000000
100000.000000,-37588.746094,-41656.050781,-195.310654,-215.872635,10.000000
100000.000000,-17435.925781,-20520.171875,-91.546028,-107.049728,10.000000
100000.000000,-19568.003906,28022.773438,-102.704529,143.310791,10.000000
100000.000000,-32618.300781,39566.425781,-170.144974,202.945435,10.000000
100000.000000,-28634.966797,14460.885742,-149.424500,73.373459,10.000000
100000.000000,-6564.493164,98939.945312,-35.058300,509.573273,10.000000
100000.000000,-78964.960938,-65099.199219,-408.193726,-336.459656,10.000000
100000.000000,-49572.964844,-1013.114807,-257.200256,-6.332278,10.000000
100000.000000,-77930.015625,-43372.542969,-402.929596,-224.567795,10.000000
100000.000000,-62263.828125,-14823.616211,-322.434875,-77.493164,10.000000
100000.000000,-28896.607422,48163.234375,-150.946869,247.266479,10.000000
100000.000000,-19084.027344,46858.187500,-100.218948,240.508728,10.000000
100000.000000,-7248.683105,71008.359375,-38.967190,365.245392,10.000000
100000.000000,-16747.980469,92515.617188,-87.799461,476.196594,10.000000
