Mass,x_pos,y_pos,x_vel,y_vel,radius
371 
100000.000000,114043.351562,124489.039062,576.189941,635.556519,10.000000
100000.000000,150523.843750,155656.343750,757.351868,793.364746,10.000000
100000.000000,-211382.843750,18894.679688,-1083.893433,86.336945,10.000000
100000.000000,86653.757812,225716.453125,412.951782,1285.178589,10.000000
100000.000000,61463.757812,186027.625000,300.891083,922.386108,10.000000
100000.000000,86963.906250,228069.562500,188.815140,1169.692139,10.000000
100000.000000,99143.734375,108611.179688,501.612671,554.179871,10.000000
100000.000000,41947.617188,17407.369141,208.489807,77.428932,10.000000
100000.000000,259815.171875,194387.703125,1311.281372,983.485657,10.000000
100000.000000,103144.968750,114406.453125,521.611145,583.869812,10.000000
100000.000000,-122940.429688,403409.312500,-632.566406,2047.571533,10.000000
100000.000000,-127632.539062,100794.812500,-670.596924,496.476776,10.000000
100000.000000,99723.437500,167664.000000,502.611755,861.538513,10.000000
100000.000000,48624.632812,181735.546875,237.508392,909.553223,10.000000
100000.000000,67937.476562,81553.937500,344.344421,415.841614,10.000000
100000.000000,-66971.539062,134431.937500,-355.551025,670.534485,10.000000
100000.000000,71074.515625,83018.695312,360.183167,423.287720,10.000000
100000.000000,115636.125000,185840.906250,576.818542,955.482544,10.000000
100000.000000,382636.468750,329716.968750,1934.967285,1667.623169,10.000000
100000.000000,111618.234375,181039.500000,587.844238,875.015137,10.000000
100000.000000,1098983.000000,1146970.250000,5562.693848,5805.766602,10.000000
100000.000000,1248853.500000,1054952.125000,6321.525391,5339.733398,10.000000
100000.000000,1256488.250000,1082294.625000,6360.082031,5478.114746,10.000000
100000.000000,468633.625000,414874.625000,2370.568848,2098.638184,10.000000
100000.000000,84471.687500,194343.093750,428.054688,935.001709,10.000000
100000.000000,-68572.210938,351726.406250,-402.755829,1821.164062,10.000000
100000.000000,98191.101562,143960.875000,495.886536,736.431091,10.000000
100000.000000,212358.296875,252001.171875,1068.492554,1273.283813,10.000000
100000.000000,114340.531250,183294.531250,571.002869,942.106140,10.000000
100000.000000,83992.312500,227867.937500,193.233307,1053.007324,10.000000
100000.000000,110433.531250,158389.906250,555.933716,811.193848,10.000000
100000.000000,162956.328125,-78939.695312,827.395630,-420.902710,10.000000
100000.000000,24626.882812,184391.750000,120.808388,929.567993,10.000000
100000.000000,-45840.582031,111101.390625,-282.678894,519.096313,10.000000
100000.000000,92406.117188,100731.929688,467.378143,513.463928,10.000000
100000.000000,-43359.226562,194045.156250,-269.386627,968.498535,10.000000
100000.000000,-20973.847656,243099.328125,-145.954361,1233.814453,10.000000
100000.000000,94616.281250,147283.390625,477.946960,753.746338,10.000000
100000.000000,49425.695312,176004.843750,236.935089,872.451660,10.000000
100000.000000,110463.460938,170251.500000,554.654907,873.598328,10.000000
100000.000000,-3726.245361,490151.593750,-42.786987,2539.992188,10.000000
100000.000000,23322.740234,466702.468750,112.061264,2372.751221,10.000000
100000.000000,86355.726562,117599.859375,436.771332,600.025757,10.000000
100000.000000,101928.031250,202815.500000,501.343933,1055.042358,10.000000
100000.000000,92374.578125,164152.578125,466.484253,842.642639,10.000000
100000.000000,58320.886719,81302.843750,295.357025,414.274658,10.000000
100000.000000,74117.468750,102502.414062,375.127472,522.537048,10.000000
100000.000000,58075.207031,89735.945312,294.072723,457.287170,10.000000
100000.000000,53500.582031,72958.203125,271.016327,371.775787,10.000000
100000.000000,84294.171875,95389.031250,426.464264,486.079681,10.000000
100000.000000,58419.050781,74902.664062,295.897339,381.626892,10.000000
100000.000000,1395356.875000,1195105.750000,7062.888672,6049.032227,10.000000
100000.000000,100816.156250,85521.476562,509.740112,435.403595,10.000000
100000.000000,82871.671875,69926.898438,419.434814,355.933502,10.000000
100000.000000,96058.289062,159491.390625,484.679321,817.667358,10.000000
100000.000000,59559.761719,221286.562500,333.395081,1122.793579,10.000000
100000.000000,100767.265625,183680.609375,505.096436,947.518616,10.000000
100000.000000,73705.617188,124116.062500,373.109680,633.359924,10.000000
100000.000000,82807.515625,102912.617188,418.849670,524.516663,10.000000
100000.000000,71115.507812,107458.460938,359.913025,547.797852,10.000000
100000.000000,63296.921875,79466.750000,320.457611,404.770416,10.000000
100000.000000,82592.226562,83735.796875,417.867065,426.417480,10.000000
100000.000000,75437.546875,123544.335938,381.801239,630.415833,10.000000
100000.000000,56861.914062,88487.687500,287.853577,450.802704,10.000000
100000.000000,61905.660156,62641.437500,313.603973,318.985596,10.000000
100000.000000,82808.117188,69198.125000,419.075562,352.179535,10.000000
100000.000000,-86169.460938,64093.992188,-442.646637,318.710510,10.000000
100000.000000,-1275.514771,304478.656250,-9.636729,1538.783936,10.000000
100000.000000,71281.148438,128741.210938,360.966278,657.088623,10.000000
100000.000000,60389.167969,106559.296875,305.735107,543.074646,10.000000
100000.000000,107678.007812,94797.968750,544.080688,482.687561,10.000000
100000.000000,90009.031250,97929.804688,455.101501,498.906799,10.000000
100000.000000,53409.250000,85664.828125,270.356964,436.379761,10.000000
100000.000000,60708.527344,90082.898438,307.281677,458.893402,10.000000
100000.000000,53671.910156,192998.546875,279.354095,982.372131,10.000000
100000.000000,61344.511719,73008.726562,310.594574,371.804901,10.000000
100000.000000,102574.382812,129751.515625,517.828003,662.270142,10.000000
100000.000000,65599.031250,65389.460938,332.187866,332.904633,10.000000
100000.000000,54063.441406,69064.351562,273.787567,351.782715,10.000000
100000.000000,100689.398438,152459.140625,507.759613,780.331421,10.000000
100000.000000,54694.726562,67071.828125,277.005920,341.619446,10.000000
100000.000000,64149.675781,101517.804688,324.670715,517.271912,10.000000
100000.000000,85867.226562,117703.609375,434.136932,600.318420,10.000000
100000.000000,94372.117188,133268.171875,476.708374,680.557068,10.000000
100000.000000,76491.117188,92184.921875,386.959747,469.548523,10.000000
100000.000000,-76840.773438,-12615.725586,-406.806061,-87.638016,10.000000
100000.000000,75660.195312,94654.171875,382.747131,482.163147,10.000000
100000.000000,75804.101562,116377.125000,383.507477,593.444397,10.000000
100000.000000,85711.539062,228359.640625,278.374908,1305.097534,10.000000
100000.000000,54910.777344,72819.750000,278.001251,370.861786,10.000000
100000.000000,87802.765625,72708.843750,444.122437,369.974365,10.000000
100000.000000,46399.097656,60829.992188,235.050293,309.941284,10.000000
100000.000000,61983.605469,108263.218750,313.752869,551.705444,10.000000
100000.000000,79455.585938,105372.609375,401.844696,536.984619,10.000000
100000.000000,90203.976562,150950.687500,455.764679,772.573120,10.000000
100000.000000,48031.953125,61158.035156,243.313126,311.569214,10.000000
100000.000000,62109.722656,100604.578125,314.325836,512.531311,10.000000
100000.000000,58093.003906,86202.539062,294.003326,439.016632,10.000000
100000.000000,-5550300.000000,259448.515625,-28105.726562,1311.012085,10.000000
100000.000000,-619689.000000,-196785.000000,-3140.466309,-999.138062,10.000000
100000.000000,162622.062500,1313105.000000,821.112549,6646.277832,10.000000
100000.000000,13046517.000000,22962382.000000,66056.062500,116262.015625,10.000000
100000.000000,4436.976562,62647.289062,20.820509,316.491669,10.000000
100000.000000,-31716.660156,-28959.505859,-162.188217,-147.808548,10.000000
100000.000000,-6245.064941,-11542.970703,-33.290344,-59.717781,10.000000
100000.000000,-57346.656250,-50096.796875,-291.742126,-254.679123,10.000000
100000.000000,-1250.411255,14199.790039,-8.056676,70.711494,10.000000
100000.000000,-3220.197998,111771.351562,-17.315756,565.849976,10.000000
100000.000000,-21146.804688,-16863.791016,-108.733215,-86.609840,10.000000
100000.000000,-18547.673828,32065.962891,-95.740433,161.322403,10.000000
100000.000000,-48729.789062,-50483.105469,-248.169312,-256.662750,10.000000
100000.000000,35300.093750,57162.468750,177.133301,288.800842,10.000000
100000.000000,-35426.546875,11922.890625,-181.142136,59.288105,10.000000
100000.000000,-25211.187500,19714.345703,-129.456924,98.729675,10.000000
100000.000000,-44899.039062,-53928.812500,-228.782974,-274.106415,10.000000
100000.000000,28599.291016,166652.093750,147.478546,846.931763,10.000000
100000.000000,-3612.681396,59768.843750,-19.990973,301.835907,10.000000
100000.000000,-20766.896484,24209.199219,-106.959755,121.493164,10.000000
100000.000000,-737.971130,19200.113281,-5.463788,96.055916,10.000000
100000.000000,-69059.078125,-42340.945312,-350.971893,-215.395462,10.000000
100000.000000,-23176.427734,-268.737549,-119.069481,-2.546797,10.000000
100000.000000,237.453079,62775.750000,-0.445903,317.115143,10.000000
100000.000000,18354.468750,41937.746094,91.278847,211.407257,10.000000
100000.000000,26750.539062,76976.164062,134.005219,389.481476,10.000000
100000.000000,-13515.857422,71923.359375,-70.171005,363.441681,10.000000
100000.000000,-16492.224609,69615.007812,-85.300240,351.714508,10.000000
100000.000000,-16689.044922,58403.558594,-86.334938,294.855835,10.000000
100000.000000,-77766.562500,-72970.132812,-394.892456,-370.315521,10.000000
100000.000000,-15963.618164,58170.406250,-82.646187,293.675201,10.000000
100000.000000,12383.337891,33410.460938,61.020309,168.116852,10.000000
100000.000000,-64131.906250,-39342.207031,-326.080170,-200.236053,10.000000
100000.000000,-8913.191406,30550.757812,-46.895432,153.611786,10.000000
100000.000000,24590.974609,31476.281250,122.867455,158.308731,10.000000
100000.000000,-13095.970703,85873.968750,-67.899567,434.201935,10.000000
100000.000000,-7244.650391,76724.148438,-38.288433,387.834961,10.000000
100000.000000,-27884.416016,-8237.584961,-142.874680,-42.902012,10.000000
100000.000000,-2646.141357,53886.621094,-15.100539,271.975098,10.000000
100000.000000,14782.980469,15165.390625,73.191162,75.569206,10.000000
100000.000000,-5738.086914,104139.140625,-30.237524,527.004578,10.000000
100000.000000,-16929.117188,36350.031250,-87.538139,183.016174,10.000000
100000.000000,5252.020508,10188.203125,24.908268,50.349304,10.000000
100000.000000,-32143.246094,-39151.246094,-164.307083,-199.389740,10.000000
100000.000000,-13697.515625,58043.003906,-71.139832,293.019867,10.000000
100000.000000,3141.535156,65475.906250,14.304935,330.815918,10.000000
100000.000000,-16944.986328,54561.617188,-87.628403,275.355194,10.000000
100000.000000,-42010.710938,-4716.717773,-214.378296,-25.007235,10.000000
100000.000000,-703.955933,76353.054688,-5.101141,385.999603,10.000000
100000.000000,-68530.695312,-62740.027344,-348.242371,-318.602600,10.000000
100000.000000,23930.052734,68680.734375,119.667786,347.253571,10.000000
100000.000000,-63389.996094,-16676.566406,-322.409302,-85.495979,10.000000
100000.000000,11134.482422,170119.671875,58.717896,862.735474,10.000000
100000.000000,-27170.175781,-38676.679688,-139.141846,-197.007339,10.000000
100000.000000,-13400.968750,101639.648438,-69.182228,514.148315,10.000000
100000.000000,8955.082031,58028.386719,43.735043,293.030487,10.000000
100000.000000,-1431.709106,39986.691406,-8.968431,201.443436,10.000000
100000.000000,-46742.093750,8715.545898,-238.379288,43.073547,10.000000
100000.000000,13599.356445,99791.242188,67.778717,505.290161,10.000000
100000.000000,7457.260254,179078.093750,40.668503,907.666626,10.000000
100000.000000,21887.115234,113524.507812,110.111298,575.389771,10.000000
100000.000000,-7491.158691,-8421.198242,-39.602940,-43.921608,10.000000
100000.000000,-93861.945312,-93894.570312,-476.183899,-476.077118,10.000000
100000.000000,-7004.236328,86108.328125,-36.941002,435.420258,10.000000
100000.000000,-31174.275391,-21900.105469,-159.473373,-112.084335,10.000000
100000.000000,-35427.046875,8815.649414,-181.139450,43.511944,10.000000
100000.000000,-19401.894531,49646.183594,-100.087524,250.403381,10.000000
100000.000000,-6109.234863,15169.017578,-32.656578,75.601501,10.000000
100000.000000,-14985.176758,104558.539062,-77.154449,528.896240,10.000000
100000.000000,29758.939453,101519.007812,149.662033,514.414368,10.000000
100000.000000,-15912.088867,28703.257812,-82.363670,144.216888,10.000000
100000.000000,-2285.827148,-7105.233887,-13.232874,-37.271942,10.000000
100000.000000,-45809.472656,-31959.894531,-233.478577,-162.948807,10.000000
100000.000000,-8659.344727,21019.839844,-45.588093,105.258179,10.000000
100000.000000,-26918.310547,56858.789062,-138.277328,286.963989,10.000000
100000.000000,-35475.464844,39499.738281,-181.624756,199.048798,10.000000
100000.000000,-24869.033203,15695.205078,-127.708717,78.315048,10.000000
100000.000000,-51430.980469,-68312.437500,-261.778412,-346.839172,10.000000
100000.000000,-44543.375000,14554.778320,-226.727966,72.463722,10.000000
100000.000000,-948.440796,84061.828125,-6.204175,424.021515,10.000000
100000.000000,3331.632812,18858.429688,15.146826,94.047882,10.000000
100000.000000,9600.260742,62215.292969,46.932583,313.472931,10.000000
100000.000000,-31789.296875,42816.550781,-162.529984,215.271439,10.000000
100000.000000,-72064.757812,-59920.703125,-365.195312,-303.565369,10.000000
100000.000000,-17501.816406,51116.441406,-90.199860,257.190857,10.000000
100000.000000,7081.921387,70055.398438,34.266735,353.160889,10.000000
100000.000000,-38369.996094,-42519.531250,-195.309189,-215.869370,10.000000
100000.000000,-17802.107422,-20948.361328,-91.544357,-107.045692,10.000000
100000.000000,-19978.816406,28596.029297,-102.701614,143.316315,10.000000
100000.000000,-33298.867188,40378.218750,-170.141525,202.950882,10.000000
100000.000000,-29232.658203,14754.390625,-149.421936,73.378235,10.000000
100000.000000,-6704.709961,100978.257812,-35.050758,509.583710,10.000000
100000.000000,-80597.710938,-66445.023438,-408.192291,-336.457214,10.000000
100000.000000,-50601.757812,-1038.435181,-257.198029,-6.328423,10.000000
100000.000000,-79541.703125,-44270.808594,-402.927887,-224.565109,10.000000
100000.000000,-63553.566406,-15133.581055,-322.432892,-77.489822,10.000000
100000.000000,-29500.386719,49152.312500,-150.943069,247.272400,10.000000
100000.000000,-19484.894531,47820.238281,-100.215279,240.515045,10.000000
100000.000000,-7404.540527,72469.359375,-38.962246,365.253693,10.000000
100000.000000,-17099.162109,94420.429688,-87.792671,476.205505,10.000000
