Mass,x_pos,y_pos,x_vel,y_vel,radius
473 
100000.000000,137665.671875,150551.765625,576.126709,635.780029,10.000000
100000.000000,181571.078125,188188.859375,757.161865,793.572693,10.000000
100000.000000,-255821.890625,22434.751953,-1083.876099,86.348564,10.000000
100000.000000,103024.460938,270737.062500,480.038422,1137.455444,10.000000
100000.000000,73812.898438,223867.593750,301.460022,923.388672,10.000000
100000.000000,107079.343750,265359.156250,552.863403,933.315491,10.000000
100000.000000,119709.367188,131336.625000,501.590729,554.364197,10.000000
100000.000000,50495.960938,20583.197266,208.501404,77.485413,10.000000
100000.000000,313575.750000,234711.203125,1311.198975,983.501587,10.000000
100000.000000,124530.312500,138349.546875,521.578918,584.070007,10.000000
100000.000000,-148875.062500,487359.375000,-632.538940,2047.548828,10.000000
100000.000000,-155126.171875,121150.898438,-670.559814,496.498871,10.000000
100000.000000,120326.804688,203002.125000,502.442902,862.223083,10.000000
100000.000000,58373.089844,219040.546875,237.988770,910.157288,10.000000
100000.000000,82055.921875,98606.140625,344.358734,415.963898,10.000000
100000.000000,-81547.570312,161924.687500,-355.479980,670.577942,10.000000
100000.000000,85842.203125,100376.257812,360.195221,423.413239,10.000000
100000.000000,139272.609375,225033.468750,576.222473,956.291138,10.000000
100000.000000,461968.906250,398089.593750,1934.942139,1667.613159,10.000000
100000.000000,135709.906250,216932.484375,587.396790,875.795776,10.000000
100000.000000,1327055.750000,1385006.000000,5562.693848,5805.766602,10.000000
100000.000000,1508035.000000,1273881.875000,6321.525391,5339.733398,10.000000
100000.000000,1517248.250000,1306892.625000,6360.082031,5478.114746,10.000000
100000.000000,565825.562500,500918.250000,2370.548828,2098.638184,10.000000
100000.000000,102022.843750,232729.468750,428.092712,937.300537,10.000000
100000.000000,-85084.031250,426392.906250,-402.703552,1821.121216,10.000000
100000.000000,118521.179688,174162.609375,495.828766,736.798584,10.000000
100000.000000,256163.078125,304204.656250,1068.337280,1273.253540,10.000000
100000.000000,138025.312500,222409.765625,570.471069,942.908325,10.000000
100000.000000,100211.226562,275211.250000,454.391846,1085.089355,10.000000
100000.000000,133500.984375,192064.843750,555.762634,811.659668,10.000000
100000.000000,197293.500000,-96406.562500,827.389954,-420.876770,10.000000
100000.000000,29649.253906,222975.125000,121.203239,929.849976,10.000000
100000.000000,-57570.316406,132645.171875,-282.614471,519.153687,10.000000
100000.000000,111802.179688,122044.382812,467.368652,513.630005,10.000000
100000.000000,-54535.523438,234238.687500,-269.241241,968.536377,10.000000
100000.000000,-27025.839844,294302.468750,-145.726242,1233.780762,10.000000
100000.000000,114450.007812,178573.000000,477.898224,754.155396,10.000000
100000.000000,59267.082031,212224.000000,237.318787,873.006470,10.000000
100000.000000,133475.421875,206519.812500,554.376160,874.226379,10.000000
100000.000000,-5501.657227,595561.562500,-42.775890,2539.958252,10.000000
100000.000000,27973.523438,565171.562500,112.072250,2372.709961,10.000000
100000.000000,104481.500000,142505.906250,436.768799,600.247864,10.000000
100000.000000,122695.203125,246656.312500,499.590179,1057.602295,10.000000
100000.000000,111731.984375,199136.890625,466.408264,843.300476,10.000000
100000.000000,70578.679688,98497.906250,295.378784,414.394043,10.000000
100000.000000,89685.601562,124191.500000,375.142303,522.706543,10.000000
100000.000000,70279.781250,108716.351562,294.098907,457.420654,10.000000
100000.000000,64748.242188,88389.250000,271.037842,371.881317,10.000000
100000.000000,101992.625000,115564.765625,426.464264,486.233246,10.000000
100000.000000,70699.195312,90742.648438,295.916534,381.736908,10.000000
100000.000000,1688471.375000,1446139.250000,7062.888672,6049.032227,10.000000
100000.000000,121970.078125,103593.640625,509.725616,435.534149,10.000000
100000.000000,100278.328125,84700.546875,419.437134,356.041351,10.000000
100000.000000,116170.476562,193437.046875,484.589172,818.226501,10.000000
100000.000000,73482.023438,267904.062500,337.326080,1123.779907,10.000000
100000.000000,121719.429688,223028.750000,504.675446,948.695740,10.000000
100000.000000,89190.273438,150405.968750,373.136780,633.606201,10.000000
100000.000000,100189.742188,124683.914062,418.852356,524.689209,10.000000
100000.000000,86052.406250,130196.148438,359.934204,547.979980,10.000000
100000.000000,76596.320312,96267.375000,320.475037,404.888824,10.000000
100000.000000,99934.015625,101435.023438,417.869598,426.547028,10.000000
100000.000000,91282.812500,149712.062500,381.824005,630.660645,10.000000
100000.000000,68808.406250,107198.906250,287.880066,450.933228,10.000000
100000.000000,74920.437500,75881.476562,313.617432,319.081329,10.000000
100000.000000,100199.859375,83815.960938,419.078003,352.286377,10.000000
100000.000000,-104538.507812,77321.179688,-442.612122,318.743469,10.000000
100000.000000,-1672.093872,368335.187500,-9.486835,1538.650635,10.000000
100000.000000,86262.078125,156016.343750,361.003571,657.355469,10.000000
100000.000000,73077.953125,129100.742188,305.770355,543.246948,10.000000
100000.000000,130256.843750,114832.734375,544.056030,482.833313,10.000000
100000.000000,108895.421875,118637.992188,455.095551,499.065979,10.000000
100000.000000,64629.679688,103777.359375,270.384583,436.503540,10.000000
100000.000000,73461.218750,109129.992188,307.305634,459.028778,10.000000
100000.000000,65283.558594,233787.312500,280.183441,983.287476,10.000000
100000.000000,74234.617188,88441.054688,310.611328,371.913269,10.000000
100000.000000,124063.179688,157241.703125,517.780334,662.537781,10.000000
100000.000000,79385.093750,79207.218750,332.199768,333.004303,10.000000
100000.000000,65426.062500,83665.570312,273.807343,351.883606,10.000000
100000.000000,121759.359375,184852.875000,507.666840,780.778870,10.000000
100000.000000,66190.906250,81251.250000,277.024597,341.718140,10.000000
100000.000000,77624.093750,122988.203125,324.697662,517.433899,10.000000
100000.000000,103884.062500,142621.812500,434.134399,600.540588,10.000000
100000.000000,114154.890625,161517.921875,476.679138,680.854492,10.000000
100000.000000,92550.250000,111674.421875,386.968842,469.693878,10.000000
100000.000000,-93722.851562,-16252.114258,-406.788330,-87.611633,10.000000
100000.000000,91544.335938,114667.296875,382.758026,482.313812,10.000000
100000.000000,91720.078125,141009.890625,383.525360,593.659119,10.000000
100000.000000,103221.429688,275802.562500,57.058105,1283.150146,10.000000
100000.000000,66448.265625,88212.875000,278.021912,370.967621,10.000000
100000.000000,106233.953125,88065.265625,444.119904,370.086121,10.000000
100000.000000,56154.160156,73694.554688,235.070999,310.030396,10.000000
100000.000000,75005.093750,131162.953125,313.787354,551.883667,10.000000
100000.000000,96132.234375,127661.453125,401.853058,537.163574,10.000000
100000.000000,109117.531250,183022.609375,455.734528,773.027710,10.000000
100000.000000,58129.890625,74090.164062,243.333160,311.659241,10.000000
100000.000000,75154.906250,121878.156250,314.354553,512.689819,10.000000
100000.000000,70294.687500,104424.570312,294.027527,439.143707,10.000000
100000.000000,-6716699.000000,313855.031250,-28105.726562,1311.012085,10.000000
100000.000000,-750019.750000,-238248.687500,-3140.466309,-999.138062,10.000000
100000.000000,196698.750000,1588924.375000,821.112549,6646.277832,10.000000
100000.000000,15787841.000000,27787338.000000,66056.062500,116262.015625,10.000000
100000.000000,5301.803223,75783.289062,20.855297,316.562775,10.000000
100000.000000,-38447.167969,-35092.886719,-162.174286,-147.777924,10.000000
100000.000000,-7626.289062,-14020.408203,-33.275784,-59.679649,10.000000
100000.000000,-69453.710938,-60665.437500,-291.729614,-254.654694,10.000000
100000.000000,-1584.341919,17135.363281,-8.037766,70.758247,10.000000
100000.000000,-3937.100586,135256.312500,-17.239555,565.950134,10.000000
100000.000000,-25658.894531,-20457.330078,-108.718216,-86.575317,10.000000
100000.000000,-22520.328125,38761.910156,-95.714890,161.370621,10.000000
100000.000000,-59028.531250,-61134.054688,-248.157166,-256.637421,10.000000
100000.000000,42651.656250,69149.507812,177.157089,288.882172,10.000000
100000.000000,-42943.480469,14384.197266,-181.120789,59.326336,10.000000
100000.000000,-30583.144531,23812.576172,-129.434326,98.772308,10.000000
100000.000000,-54393.273438,-65303.664062,-228.771286,-274.081146,10.000000
100000.000000,34725.484375,201806.078125,147.740555,847.215454,10.000000
100000.000000,-4441.533203,72296.492188,-19.956350,301.901459,10.000000
100000.000000,-25205.203125,29252.177734,-106.936287,121.538277,10.000000
100000.000000,-964.271301,23187.519531,-5.443755,96.104553,10.000000
100000.000000,-83624.132812,-51279.324219,-350.958099,-215.371414,10.000000
100000.000000,-28117.410156,-373.582977,-119.051460,-2.508855,10.000000
100000.000000,219.741364,75937.578125,-0.410351,317.184265,10.000000
100000.000000,22143.058594,50712.582031,91.302071,211.471832,10.000000
100000.000000,32312.582031,93141.781250,134.042160,389.576843,10.000000
100000.000000,-16427.013672,87007.664062,-70.128952,363.508118,10.000000
100000.000000,-20031.271484,84212.585938,-85.259315,351.778168,10.000000
100000.000000,-20271.156250,70641.375000,-86.299629,294.914551,10.000000
100000.000000,-94154.429688,-88337.773438,-394.881409,-370.295380,10.000000
100000.000000,-19392.654297,70359.250000,-82.611038,293.734161,10.000000
100000.000000,14916.166016,40388.605469,61.042084,168.175049,10.000000
100000.000000,-77663.929688,-47651.441406,-326.066132,-200.211075,10.000000
100000.000000,-10858.812500,36926.777344,-46.871300,153.662399,10.000000
100000.000000,29690.390625,38047.441406,122.886162,158.369354,10.000000
100000.000000,-15912.662109,103894.992188,-67.848473,434.275818,10.000000
100000.000000,-8832.626953,92820.945312,-38.243919,387.907776,10.000000
100000.000000,-33813.339844,-10017.234375,-142.857788,-42.866764,10.000000
100000.000000,-3272.104004,65174.992188,-15.068758,272.038116,10.000000
100000.000000,17820.789062,18302.646484,73.207924,75.619881,10.000000
100000.000000,-6991.442383,126011.875000,-30.170261,527.096130,10.000000
100000.000000,-20561.351562,43946.320312,-87.511406,183.066391,10.000000
100000.000000,6286.096680,12278.745117,24.925444,50.396061,10.000000
100000.000000,-38961.714844,-47425.273438,-164.294418,-199.360901,10.000000
100000.000000,-16649.037109,70204.671875,-71.104935,293.079865,10.000000
100000.000000,3736.003662,79206.382812,14.341420,330.888184,10.000000
100000.000000,-20580.816406,65990.117188,-87.594803,275.412231,10.000000
100000.000000,-50906.992188,-5753.770996,-214.360046,-24.973785,10.000000
100000.000000,-914.682068,92373.750000,-5.057605,386.076385,10.000000
100000.000000,-82982.429688,-75961.554688,-348.230896,-318.580750,10.000000
100000.000000,28897.001953,83093.679688,119.700836,347.339508,10.000000
100000.000000,-76769.578125,-20224.027344,-322.392212,-85.468002,10.000000
100000.000000,13576.616211,205927.359375,58.957542,862.922668,10.000000
100000.000000,-32944.289062,-46851.828125,-139.129410,-196.977844,10.000000
100000.000000,-16270.595703,122978.640625,-69.117989,514.230652,10.000000
100000.000000,10770.793945,70190.703125,43.766682,293.100922,10.000000
100000.000000,-1803.314575,48347.863281,-8.942236,201.500275,10.000000
100000.000000,-56634.351562,10503.878906,-238.358170,43.108627,10.000000
100000.000000,16413.527344,120763.195312,67.839378,505.398773,10.000000
100000.000000,9151.012695,216750.046875,40.938046,907.836060,10.000000
100000.000000,26458.431641,137406.250000,110.187241,575.526978,10.000000
100000.000000,-9134.340820,-10243.080078,-39.587757,-43.882896,10.000000
100000.000000,-113623.335938,-113651.390625,-476.174438,-476.059814,10.000000
100000.000000,-8536.149414,104180.015625,-36.889946,435.498749,10.000000
100000.000000,-37792.097656,-26550.888672,-159.458466,-112.052353,10.000000
100000.000000,-42943.875000,10622.231445,-181.118759,43.549465,10.000000
100000.000000,-23554.818359,60039.128906,-100.055771,250.457520,10.000000
100000.000000,-7464.042480,18307.505859,-32.636868,75.647461,10.000000
100000.000000,-18185.593750,126509.578125,-77.087555,528.978638,10.000000
100000.000000,35971.179688,122870.078125,149.718521,514.543213,10.000000
100000.000000,-19329.640625,34689.328125,-82.339371,144.264771,10.000000
100000.000000,-2834.659668,-8651.127930,-13.218013,-37.232010,10.000000
100000.000000,-55498.527344,-38721.636719,-233.464325,-162.920532,10.000000
100000.000000,-10550.771484,25389.107422,-45.566639,105.305450,10.000000
100000.000000,-32656.033203,68769.000000,-138.242249,287.017609,10.000000
100000.000000,-43012.246094,47761.269531,-181.595901,199.093857,10.000000
100000.000000,-30168.460938,18946.210938,-127.687134,78.356697,10.000000
100000.000000,-62294.542969,-82705.734375,-261.767700,-346.816193,10.000000
100000.000000,-53838.746094,17526.591797,-226.705963,72.499939,10.000000
100000.000000,-1201.752686,101448.476562,-6.156086,424.101990,10.000000
100000.000000,3953.073486,22715.468750,15.165920,94.096642,10.000000
100000.000000,11525.222656,75069.289062,46.965549,313.545227,10.000000
100000.000000,-38452.378906,51643.703125,-162.500565,215.317993,10.000000
100000.000000,-87037.445312,-72366.351562,-365.183624,-303.543854,10.000000
100000.000000,-21199.312500,61662.468750,-90.168198,257.245422,10.000000
100000.000000,8487.684570,84536.679688,34.304375,353.237091,10.000000
100000.000000,-46377.378906,-51369.574219,-195.296768,-215.842163,10.000000
100000.000000,-21555.119141,-25336.492188,-91.530426,-107.012039,10.000000
100000.000000,-24189.048828,34473.007812,-102.677383,143.362335,10.000000
100000.000000,-40274.046875,48700.199219,-170.112915,202.996277,10.000000
100000.000000,-35358.488281,17763.775391,-149.400620,73.418007,10.000000
100000.000000,-8140.407715,121873.117188,-34.987961,509.670685,10.000000
100000.000000,-97333.398438,-80239.304688,-408.181030,-336.437012,10.000000
100000.000000,-61146.453125,-1297.193604,-257.179016,-6.296338,10.000000
100000.000000,-96061.500000,-53477.492188,-402.914307,-224.542755,10.000000
100000.000000,-76772.914062,-18310.052734,-322.415833,-77.462044,10.000000
100000.000000,-35688.355469,59291.566406,-150.911530,247.321671,10.000000
100000.000000,-23593.050781,57682.515625,-100.184746,240.567673,10.000000
100000.000000,-9001.085938,87446.273438,-38.921074,365.322876,10.000000
100000.000000,-20697.410156,113946.492188,-87.736076,476.279602,10.000000
