Mass,x_pos,y_pos,x_vel,y_vel,radius
537 
100000.000000,165030.484375,180755.875000,576.076050,635.959473,10.000000
100000.000000,217532.390625,225887.796875,757.009277,793.739563,10.000000
100000.000000,-307305.937500,26536.539062,-1083.864502,86.357834,10.000000
100000.000000,121569.593750,327260.218750,397.168396,959.814514,10.000000
100000.000000,88143.578125,267748.593750,301.902985,924.171936,10.000000
100000.000000,133118.906250,310132.562500,545.370667,948.068665,10.000000
100000.000000,143534.406250,157672.656250,501.573090,554.511902,10.000000
100000.000000,60399.996094,24264.900391,208.510635,77.530457,10.000000
100000.000000,375855.937500,281427.468750,1311.132935,983.513672,10.000000
100000.000000,149304.734375,166096.921875,521.553101,584.230530,10.000000
100000.000000,-178920.296875,584616.750000,-632.517639,2047.529907,10.000000
100000.000000,-186976.984375,144734.734375,-670.530273,496.516357,10.000000
100000.000000,144189.343750,243971.796875,502.305145,862.777954,10.000000
100000.000000,69687.226562,262285.187500,238.368515,910.635254,10.000000
100000.000000,98413.218750,118366.921875,344.370117,416.061890,10.000000
100000.000000,-98431.421875,193778.062500,-355.423492,670.612488,10.000000
100000.000000,102951.851562,120490.960938,360.204895,423.513824,10.000000
100000.000000,166630.796875,270474.062500,575.734253,956.950256,10.000000
100000.000000,553877.500000,477301.781250,1934.919922,1667.601562,10.000000
100000.000000,163602.546875,258547.968750,587.056702,876.388245,10.000000
100000.000000,1591286.375000,1660779.125000,5562.693848,5805.766602,10.000000
100000.000000,1808306.250000,1527520.000000,6321.525391,5339.733398,10.000000
100000.000000,1819348.250000,1567097.625000,6360.082031,5478.114746,10.000000
100000.000000,678424.312500,600602.937500,2370.544189,2098.638184,10.000000
100000.000000,122357.804688,277294.875000,428.115662,938.996887,10.000000
100000.000000,-104211.421875,512895.718750,-402.662537,1821.088379,10.000000
100000.000000,142071.781250,209168.062500,495.781921,737.094421,10.000000
100000.000000,306906.031250,364684.031250,1068.212769,1273.230347,10.000000
100000.000000,164826.796875,266742.500000,570.045654,943.546936,10.000000
100000.000000,122700.757812,331097.281250,293.927399,1329.571655,10.000000
100000.000000,159618.406250,230222.078125,555.627136,812.026978,10.000000
100000.000000,236180.125000,-116187.265625,827.384216,-420.856659,10.000000
100000.000000,35353.562500,266683.593750,121.511246,930.070251,10.000000
100000.000000,-70851.945312,157046.453125,-282.565186,519.197510,10.000000
100000.000000,133768.281250,146188.250000,467.361053,513.760132,10.000000
100000.000000,-67187.062500,279760.656250,-269.130096,968.565369,10.000000
100000.000000,-33870.566406,352288.718750,-145.551590,1233.755737,10.000000
100000.000000,136910.390625,214026.375000,477.859467,754.477356,10.000000
100000.000000,70428.484375,253266.046875,237.613007,873.432190,10.000000
100000.000000,159525.531250,247620.953125,554.154480,874.723633,10.000000
100000.000000,-7511.908203,714941.000000,-42.767334,2539.935303,10.000000
100000.000000,33241.125000,676688.437500,112.080803,2372.678467,10.000000
100000.000000,125009.484375,170721.890625,436.765930,600.422119,10.000000
100000.000000,146138.859375,296416.906250,498.099731,1059.745361,10.000000
100000.000000,133651.625000,238785.078125,466.347443,843.821350,10.000000
100000.000000,84461.898438,117976.781250,295.395813,414.487549,10.000000
100000.000000,107317.593750,148762.046875,375.153961,522.839539,10.000000
100000.000000,84102.937500,130217.742188,294.119232,457.525330,10.000000
100000.000000,77487.421875,105869.765625,271.054657,371.963928,10.000000
100000.000000,122036.656250,138420.734375,426.464264,486.353577,10.000000
100000.000000,84607.640625,108686.460938,295.931610,381.823151,10.000000
100000.000000,2020432.375000,1730442.250000,7062.888672,6049.032227,10.000000
100000.000000,145926.859375,124066.312500,509.714233,435.636353,10.000000
100000.000000,119991.890625,101436.625000,419.437134,356.125824,10.000000
100000.000000,138944.437500,231904.796875,484.517365,818.668335,10.000000
100000.000000,89419.976562,320743.125000,340.696655,1124.645630,10.000000
100000.000000,145430.625000,267641.125000,504.334717,949.639832,10.000000
100000.000000,106728.250000,180190.328125,373.157928,633.799622,10.000000
100000.000000,119876.132812,149347.718750,418.855225,524.824524,10.000000
100000.000000,102969.750000,155954.843750,359.950775,548.122864,10.000000
100000.000000,91659.023438,115299.468750,320.488556,404.981506,10.000000
100000.000000,119574.140625,121485.273438,417.872345,426.648560,10.000000
100000.000000,109229.007812,179357.921875,381.841644,630.852844,10.000000
100000.000000,82339.289062,128395.328125,287.900696,451.035461,10.000000
100000.000000,89660.812500,90880.195312,313.627777,319.156281,10.000000
100000.000000,119896.531250,100375.523438,419.078003,352.370056,10.000000
100000.000000,-125340.632812,92302.789062,-442.585175,318.769318,10.000000
100000.000000,-2115.025879,440649.093750,-9.369581,1538.546265,10.000000
100000.000000,103229.992188,186917.343750,361.032867,657.565125,10.000000
100000.000000,87449.867188,154636.750000,305.797791,543.382080,10.000000
100000.000000,155826.890625,137528.812500,544.036560,482.947479,10.000000
100000.000000,130284.828125,142097.265625,455.090393,499.190735,10.000000
100000.000000,77338.312500,124295.453125,270.406219,436.600525,10.000000
100000.000000,87905.093750,130707.023438,307.324554,459.134888,10.000000
100000.000000,78468.687500,280020.156250,280.841919,984.017151,10.000000
100000.000000,88833.695312,105923.132812,310.624237,371.998138,10.000000
100000.000000,148397.828125,188386.265625,517.742310,662.747864,10.000000
100000.000000,94998.640625,94860.382812,332.209198,333.082336,10.000000
100000.000000,78295.382812,100206.085938,273.822876,351.962555,10.000000
100000.000000,145617.828125,221558.312500,507.593353,781.131409,10.000000
100000.000000,79211.390625,97313.953125,277.039215,341.795471,10.000000
100000.000000,92885.445312,147310.828125,324.718658,517.560913,10.000000
100000.000000,124288.671875,170851.625000,434.133942,600.715088,10.000000
100000.000000,136558.187500,193523.968750,476.656036,681.088196,10.000000
100000.000000,110737.781250,133752.953125,386.975983,469.807709,10.000000
100000.000000,-112841.570312,-20369.343750,-406.774567,-87.591118,10.000000
100000.000000,109534.320312,137339.015625,382.766357,482.431854,10.000000
100000.000000,109746.070312,168916.062500,383.539307,593.827637,10.000000
100000.000000,123106.859375,328762.562500,663.844360,1241.552246,10.000000
100000.000000,79515.679688,105650.437500,278.038086,371.050507,10.000000
100000.000000,127107.828125,105461.523438,444.117798,370.173615,10.000000
100000.000000,67202.914062,88267.726562,235.087173,310.100220,10.000000
100000.000000,89753.804688,157105.015625,313.814331,552.023376,10.000000
100000.000000,115019.625000,152911.656250,401.859344,537.303833,10.000000
100000.000000,130536.500000,219363.906250,455.710388,773.386047,10.000000
100000.000000,69566.914062,88739.921875,243.348831,311.729706,10.000000
100000.000000,89930.156250,145977.703125,314.377075,512.814026,10.000000
100000.000000,84114.484375,125066.828125,294.046661,439.243195,10.000000
100000.000000,-8037681.000000,375472.031250,-28105.726562,1311.012085,10.000000
100000.000000,-897623.250000,-285207.562500,-3140.466309,-999.138062,10.000000
100000.000000,235291.625000,1901298.125000,821.112549,6646.277832,10.000000
100000.000000,18892474.000000,33251746.000000,66056.062500,116262.015625,10.000000
100000.000000,6282.687012,90663.125000,20.882519,316.618500,10.000000
100000.000000,-46069.070312,-42037.851562,-162.163361,-147.753967,10.000000
100000.000000,-9189.965820,-16824.601562,-33.264393,-59.649834,10.000000
100000.000000,-83164.687500,-72633.734375,-291.719818,-254.635574,10.000000
100000.000000,-1965.756470,20497.318359,-8.022839,70.795151,10.000000
100000.000000,-4754.448242,162141.000000,-17.179335,566.029297,10.000000
100000.000000,-30822.708984,-24568.966797,-108.706375,-86.548080,10.000000
100000.000000,-27066.269531,46427.988281,-95.694733,161.408661,10.000000
100000.000000,-70815.828125,-73323.882812,-248.147491,-256.617432,10.000000
100000.000000,51067.074219,82873.054688,177.175797,288.946411,10.000000
100000.000000,-51546.281250,17202.964844,-181.103912,59.356525,10.000000
100000.000000,-36730.824219,28505.115234,-129.416489,98.805969,10.000000
100000.000000,-65259.699219,-78322.000000,-228.762115,-274.061218,10.000000
100000.000000,41748.445312,242054.546875,147.948547,847.440674,10.000000
100000.000000,-5388.765625,86638.132812,-19.929022,301.953186,10.000000
100000.000000,-30284.205078,35026.136719,-106.917763,121.573875,10.000000
100000.000000,-1222.447266,27753.460938,-5.427945,96.142960,10.000000
100000.000000,-100294.406250,-61508.968750,-350.947479,-215.352463,10.000000
100000.000000,-33772.000000,-491.991974,-119.037239,-2.478909,10.000000
100000.000000,200.963531,91005.210938,-0.382280,317.238831,10.000000
100000.000000,26480.376953,60758.796875,91.320389,211.522827,10.000000
100000.000000,38680.328125,111648.593750,134.071335,389.652191,10.000000
100000.000000,-19757.298828,104275.656250,-70.095741,363.560577,10.000000
100000.000000,-24080.263672,100923.343750,-85.227005,351.828522,10.000000
100000.000000,-24369.679688,84650.984375,-86.271759,294.960968,10.000000
100000.000000,-112910.992188,-105926.398438,-394.872681,-370.279449,10.000000
100000.000000,-23315.974609,84312.812500,-82.583298,293.780762,10.000000
100000.000000,17816.101562,48378.089844,61.059280,168.220993,10.000000
100000.000000,-93151.898438,-57160.980469,-326.055298,-200.191360,10.000000
100000.000000,-13084.714844,44226.753906,-46.852253,153.702347,10.000000
100000.000000,35527.871094,45571.203125,122.900909,158.417206,10.000000
100000.000000,-19134.437500,124524.570312,-67.808098,434.334137,10.000000
100000.000000,-10648.319336,111248.023438,-38.208763,387.965332,10.000000
100000.000000,-40598.734375,-12052.698242,-142.844437,-42.838940,10.000000
100000.000000,-3987.231689,78098.078125,-15.043668,272.087799,10.000000
100000.000000,21298.500000,21895.607422,73.221153,75.659882,10.000000
100000.000000,-8423.177734,151050.765625,-30.117123,527.168579,10.000000
100000.000000,-24717.609375,52642.976562,-87.490280,183.105988,10.000000
100000.000000,7470.400391,14673.497070,24.938990,50.432961,10.000000
100000.000000,-46765.457031,-56894.335938,-164.284424,-199.338135,10.000000
100000.000000,-20025.822266,84127.171875,-71.077385,293.127197,10.000000
100000.000000,4417.953613,94925.000000,14.370222,330.945282,10.000000
100000.000000,-24740.896484,79073.351562,-87.568275,275.457214,10.000000
100000.000000,-61088.730469,-6939.354980,-214.345596,-24.947376,10.000000
100000.000000,-1154.043823,110713.921875,-5.023224,386.137115,10.000000
100000.000000,-99523.132812,-91093.687500,-348.221619,-318.563507,10.000000
100000.000000,34583.460938,99594.039062,119.726959,347.407410,10.000000
100000.000000,-92082.882812,-24283.197266,-322.378937,-85.445915,10.000000
100000.000000,16381.933594,246919.968750,59.147533,863.070984,10.000000
100000.000000,-39552.675781,-56207.683594,-139.119568,-196.954544,10.000000
100000.000000,-19552.406250,147406.171875,-69.067238,514.295715,10.000000
100000.000000,12850.345703,84114.437500,43.791656,293.156586,10.000000
100000.000000,-2227.544434,57920.265625,-8.921551,201.545151,10.000000
100000.000000,-67955.945312,12552.245117,-238.341476,43.136326,10.000000
100000.000000,19637.115234,144771.765625,67.887306,505.484558,10.000000
100000.000000,11101.005859,259875.687500,41.151802,907.970520,10.000000
100000.000000,31693.851562,164746.515625,110.247253,575.635437,10.000000
100000.000000,-11014.455078,-12326.741211,-39.575775,-43.852341,10.000000
100000.000000,-136241.328125,-136263.953125,-476.166901,-476.046295,10.000000
100000.000000,-10287.396484,124867.789062,-36.849628,435.560730,10.000000
100000.000000,-45366.062500,-31872.732422,-159.446716,-112.027122,10.000000
100000.000000,-51546.597656,12691.584961,-181.102448,43.579098,10.000000
100000.000000,-28306.828125,71936.968750,-100.030708,250.500244,10.000000
100000.000000,-9013.897461,21901.683594,-32.621307,75.683731,10.000000
100000.000000,-21845.908203,151637.656250,-77.034729,529.043701,10.000000
100000.000000,43083.941406,147313.468750,149.763168,514.645081,10.000000
100000.000000,-23240.271484,41542.867188,-82.320198,144.302567,10.000000
100000.000000,-3462.217773,-10418.848633,-13.206286,-37.200489,10.000000
100000.000000,-66587.773438,-46459.792969,-233.453033,-162.898254,10.000000
100000.000000,-12714.757812,30392.064453,-45.549717,105.342766,10.000000
100000.000000,-39221.843750,82403.414062,-138.214554,287.059845,10.000000
100000.000000,-51637.476562,57219.125000,-181.573120,199.129456,10.000000
100000.000000,-36233.167969,22668.992188,-127.670097,78.389557,10.000000
100000.000000,-74728.406250,-99179.031250,-261.759369,-346.798248,10.000000
100000.000000,-64606.824219,20971.074219,-226.688370,72.528954,10.000000
100000.000000,-1493.186279,121594.968750,-6.117543,424.166473,10.000000
100000.000000,4673.844238,27186.052734,15.181211,94.135689,10.000000
100000.000000,13756.760742,89964.156250,46.991962,313.603210,10.000000
100000.000000,-46170.554688,61872.250000,-162.477020,215.355331,10.000000
100000.000000,-104383.367188,-86784.257812,-365.174103,-303.526611,10.000000
100000.000000,-25481.656250,73882.718750,-90.142807,257.289185,10.000000
100000.000000,10117.909180,101317.000000,34.334549,353.298126,10.000000
100000.000000,-55653.734375,-61621.515625,-195.286804,-215.820358,10.000000
100000.000000,-25902.529297,-30418.878906,-91.519287,-106.985092,10.000000
100000.000000,-29065.730469,41283.660156,-102.657974,143.399139,10.000000
100000.000000,-48353.835938,58343.453125,-170.089966,203.032608,10.000000
100000.000000,-42454.574219,21251.941406,-149.383545,73.449852,10.000000
100000.000000,-9801.057617,146084.281250,-34.937626,509.740356,10.000000
100000.000000,-116721.648438,-96219.640625,-408.171783,-336.420807,10.000000
100000.000000,-73362.164062,-1595.616455,-257.163757,-6.270642,10.000000
100000.000000,-115199.554688,-64142.804688,-402.903687,-224.524841,10.000000
100000.000000,-92087.289062,-21988.939453,-322.402374,-77.439781,10.000000
100000.000000,-42856.011719,71040.351562,-150.886230,247.361130,10.000000
100000.000000,-28351.203125,69110.570312,-100.160301,240.609802,10.000000
100000.000000,-10848.998047,104800.531250,-38.888081,365.378357,10.000000
100000.000000,-24863.718750,136571.343750,-87.690712,476.338867,10.000000
