Mass,x_pos,y_pos,x_vel,y_vel,radius
56 
100000.000000,19482.978516,20495.712891,577.840027,629.335938,10.000000
100000.000000,26118.453125,25765.974609,762.512573,787.560425,10.000000
100000.000000,-33606.160156,4748.185547,-1084.385376,85.991882,10.000000
100000.000000,18382.169922,35406.640625,488.355560,1151.003784,10.000000
100000.000000,13034.268555,36257.496094,255.019196,855.382629,10.000000
100000.000000,19937.935547,35846.066406,523.230408,1134.853027,10.000000
100000.000000,16857.207031,17922.144531,502.151825,549.037415,10.000000
100000.000000,7768.230469,4771.541992,208.134293,75.727425,10.000000
100000.000000,44676.070312,33112.953125,1313.639282,983.043091,10.000000
100000.000000,17568.060547,18865.039062,522.422791,578.293457,10.000000
100000.000000,-19169.607422,67582.406250,-633.374084,2048.255859,10.000000
100000.000000,-17612.429688,19397.753906,-671.782410,495.773315,10.000000
100000.000000,17136.080078,27059.201172,506.305542,844.422607,10.000000
100000.000000,10274.923828,33307.671875,218.099091,886.353027,10.000000
100000.000000,11480.967773,13486.533203,343.905945,412.417206,10.000000
100000.000000,-8580.577148,24513.382812,-357.804749,669.167847,10.000000
100000.000000,12018.117188,13733.703125,359.804291,419.770142,10.000000
100000.000000,20473.947266,29937.197266,590.141907,935.923523,10.000000
100000.000000,65274.257812,56217.570312,1935.694336,1667.874268,10.000000
100000.000000,15491.531250,38873.355469,576.326538,1453.026855,10.000000
100000.000000,186695.640625,194826.828125,5562.709961,5805.780273,10.000000
100000.000000,212127.031250,179233.390625,6321.541504,5339.742188,10.000000
100000.000000,213434.625000,183882.875000,6360.097168,5478.123047,10.000000
100000.000000,79846.679688,70691.898438,2370.944092,2098.823242,10.000000
100000.000000,16671.824219,38933.308594,249.653839,1233.085693,10.000000
100000.000000,-2452.095703,53000.140625,-405.009552,1822.994995,10.000000
100000.000000,16809.251953,23569.587891,497.232269,726.587280,10.000000
100000.000000,36959.507812,43150.277344,1072.852783,1274.143311,10.000000
100000.000000,20196.621094,29573.494141,582.814392,922.769470,10.000000
100000.000000,16460.224609,37709.910156,364.328827,1324.272217,10.000000
100000.000000,19091.722656,25830.988281,560.063538,799.038452,10.000000
100000.000000,27255.925781,-9882.944336,827.595337,-421.692474,10.000000
100000.000000,5250.280762,32248.121094,108.739914,921.270752,10.000000
100000.000000,603.698608,26044.955078,-285.558380,516.549500,10.000000
100000.000000,15747.092773,16699.298828,467.583313,508.869995,10.000000
100000.000000,1012.013794,35260.816406,-275.916046,966.836365,10.000000
100000.000000,3259.397949,40708.953125,-155.904709,1235.371826,10.000000
100000.000000,16187.282227,24088.994141,478.999359,743.016174,10.000000
100000.000000,11083.953125,33649.105469,218.503494,847.325562,10.000000
100000.000000,19231.675781,27610.996094,561.108276,857.802734,10.000000
100000.000000,3304.205566,73553.601562,-43.193710,2541.195068,10.000000
100000.000000,4956.720703,77524.679688,111.733788,2374.014648,10.000000
100000.000000,14724.313477,19428.371094,436.754028,593.976135,10.000000
100000.000000,18412.539062,31851.925781,527.336670,1010.126160,10.000000
100000.000000,15804.488281,26614.265625,467.921204,826.327576,10.000000
100000.000000,9906.062500,13487.839844,294.719025,410.976593,10.000000
100000.000000,12613.238281,16984.775391,374.661926,517.882019,10.000000
100000.000000,9875.579102,14881.594727,293.313843,453.612335,10.000000
100000.000000,9077.222656,12098.551758,270.390350,368.854279,10.000000
100000.000000,14355.779297,15834.127930,426.385681,481.834869,10.000000
100000.000000,9912.776367,12432.153320,295.333435,378.580261,10.000000
100000.000000,237039.078125,203066.703125,7062.898438,6049.036133,10.000000
100000.000000,17204.248047,14253.782227,510.098999,431.761047,10.000000
100000.000000,14086.464844,11668.301758,419.358063,352.922516,10.000000
100000.000000,16487.289062,25958.103516,486.594635,803.467346,10.000000
100000.000000,7751.562500,37772.617188,274.533386,1111.493530,10.000000
100000.000000,17563.324219,29392.982422,513.256042,921.126770,10.000000
100000.000000,12545.692383,20501.716797,372.283508,626.726318,10.000000
100000.000000,14120.828125,17073.607422,418.699890,519.772156,10.000000
100000.000000,12113.287109,17810.904297,359.270020,542.819946,10.000000
100000.000000,10760.961914,13209.525391,319.939453,401.495392,10.000000
100000.000000,14065.476562,13940.508789,417.761597,422.820404,10.000000
100000.000000,12847.683594,20411.410156,381.091827,623.815247,10.000000
100000.000000,9682.568359,14693.561523,287.085999,447.211456,10.000000
100000.000000,10489.401367,10429.161133,313.200867,316.324585,10.000000
100000.000000,14081.854492,11554.111328,418.998352,349.197540,10.000000
100000.000000,-13537.964844,11861.083984,-443.652344,317.756989,10.000000
100000.000000,464.266205,51975.871094,-13.852774,1542.556274,10.000000
100000.000000,12123.435547,21255.845703,359.862335,649.946350,10.000000
100000.000000,10286.534180,17675.792969,304.721313,538.376770,10.000000
100000.000000,18423.501953,15791.711914,544.718506,478.627563,10.000000
100000.000000,15366.980469,16277.211914,455.210449,494.506439,10.000000
100000.000000,9100.519531,14229.000977,269.560852,432.972107,10.000000
100000.000000,10340.443359,14967.055664,306.579346,455.167725,10.000000
100000.000000,8689.234375,32770.511719,258.137024,960.746704,10.000000
100000.000000,10425.203125,12147.300781,310.100769,368.803345,10.000000
100000.000000,17603.082031,21418.910156,518.995239,655.013916,10.000000
100000.000000,11133.484375,10898.741211,331.823883,330.131927,10.000000
100000.000000,9183.718750,11478.578125,273.211975,348.990662,10.000000
100000.000000,17327.335938,24942.421875,509.897125,768.674072,10.000000
100000.000000,9286.068359,11150.639648,276.459137,338.884705,10.000000
100000.000000,10932.968750,16855.449219,323.881378,512.838745,10.000000
100000.000000,14668.680664,19484.130859,434.089813,594.272949,10.000000
100000.000000,16164.301758,21966.164062,477.349030,672.569031,10.000000
100000.000000,13040.484375,15332.363281,386.655121,465.537903,10.000000
100000.000000,-10104.586914,1786.468140,-407.363678,-88.461411,10.000000
100000.000000,12901.902344,15738.213867,382.401123,478.014191,10.000000
100000.000000,12929.233398,19276.802734,382.938324,587.618408,10.000000
100000.000000,14541.752930,39007.886719,161.733612,923.810547,10.000000
100000.000000,9340.962891,12110.205078,277.399719,367.935303,10.000000
100000.000000,14965.328125,12151.523438,444.140411,366.858612,10.000000
100000.000000,7873.185547,10093.847656,234.453049,307.473511,10.000000
100000.000000,10565.464844,17970.316406,312.753510,546.852478,10.000000
100000.000000,13562.920898,17495.224609,401.552368,532.081177,10.000000
100000.000000,15432.934570,24712.230469,456.283539,760.810913,10.000000
100000.000000,8150.264648,10155.850586,242.732773,309.076538,10.000000
100000.000000,10591.399414,16715.919922,313.489685,508.196625,10.000000
100000.000000,9902.809570,14337.761719,293.296448,435.517578,10.000000
100000.000000,-940963.687500,44443.476562,-28105.726562,1311.012085,10.000000
100000.000000,-104649.273438,-32923.781250,-3140.555908,-999.197510,10.000000
100000.000000,27959.427734,223117.703125,821.115112,6646.324219,10.000000
100000.000000,2213333.000000,3895306.500000,66056.062500,116262.015625,10.000000
100000.000000,1059.496582,10818.105469,19.841021,314.508636,10.000000
100000.000000,-5102.891113,-4686.299805,-162.582825,-148.667953,10.000000
100000.000000,-769.867676,-1708.692017,-33.703575,-60.787266,10.000000
100000.000000,-9487.575195,-8303.409180,-292.096222,-255.364746,10.000000
100000.000000,91.113708,2652.822510,-8.592830,69.401489,10.000000
100000.000000,-299.753693,19077.527344,-19.431139,563.090027,10.000000
100000.000000,-3298.518311,-2623.052002,-109.158005,-87.578178,10.000000
100000.000000,-2818.990479,5660.331055,-96.460571,159.973373,10.000000
100000.000000,-8017.013672,-8363.480469,-248.513657,-257.372864,10.000000
100000.000000,6275.722168,9885.398438,176.455917,286.532837,10.000000
100000.000000,-5696.465820,2240.289795,-181.744370,58.217205,10.000000
100000.000000,-3956.127686,3568.004639,-130.094681,97.535797,10.000000
100000.000000,-7366.176270,-8948.486328,-229.112854,-274.815216,10.000000
100000.000000,4681.422852,28044.244141,140.630127,839.605347,10.000000
100000.000000,-297.270142,10337.298828,-20.964931,300.008240,10.000000
100000.000000,-3200.454346,4332.255371,-107.621613,120.230766,10.000000
100000.000000,179.510239,3498.671875,-6.031275,94.693352,10.000000
100000.000000,-11485.098633,-6990.500000,-351.358917,-216.069687,10.000000
100000.000000,-3629.780762,189.293198,-119.578995,-3.610369,10.000000
100000.000000,348.469177,10842.140625,-1.446170,315.189392,10.000000
100000.000000,3409.577637,7335.539551,90.620079,209.602142,10.000000
100000.000000,4813.109863,13202.183594,132.962646,386.833038,10.000000
100000.000000,-1963.074219,12389.394531,-71.349998,361.590485,10.000000
100000.000000,-2459.448975,12001.403320,-86.447617,349.938904,10.000000
100000.000000,-2492.522461,10109.519531,-87.326469,293.216736,10.000000
100000.000000,-12992.590820,-12216.963867,-395.200287,-370.880219,10.000000
100000.000000,-2372.225830,10070.273438,-83.633308,292.029327,10.000000
100000.000000,2399.313232,5901.137207,60.402374,166.488876,10.000000
100000.000000,-10639.869141,-6476.939453,-326.473877,-200.936081,10.000000
100000.000000,-1196.581055,5412.196289,-47.576782,152.196136,10.000000
100000.000000,4460.763672,5578.052734,122.334579,156.612396,10.000000
100000.000000,-1906.142822,14743.057617,-69.328629,432.148804,10.000000
100000.000000,-918.006653,13196.356445,-39.535828,385.809814,10.000000
100000.000000,-4434.931641,-1164.145264,-143.352020,-43.890701,10.000000
100000.000000,-135.768234,9349.516602,-15.995564,270.218231,10.000000
100000.000000,2797.599609,2825.929199,72.713898,74.149170,10.000000
100000.000000,-707.849976,17807.111328,-32.109283,524.472839,10.000000
100000.000000,-2544.333984,6388.695312,-88.291908,181.612762,10.000000
100000.000000,1185.445312,1980.661865,24.420654,49.038410,10.000000
100000.000000,-5183.342285,-6420.631836,-164.665771,-200.198975,10.000000
100000.000000,-1993.417236,10051.328125,-72.120354,291.347198,10.000000
100000.000000,834.400391,11298.669922,13.278769,328.804382,10.000000
100000.000000,-2538.141846,9463.904297,-88.572769,273.762939,10.000000
100000.000000,-6833.143066,-579.955444,-214.894348,-25.944647,10.000000
100000.000000,178.950851,13130.478516,-6.321964,383.863892,10.000000
100000.000000,-11406.496094,-10465.869141,-348.569702,-319.217529,10.000000
100000.000000,4339.839355,11822.188477,118.733688,344.863464,10.000000
100000.000000,-10496.750977,-2625.479736,-322.888153,-86.279709,10.000000
100000.000000,1752.462280,28823.720703,52.359169,857.802307,10.000000
100000.000000,-4337.619141,-6336.076660,-139.494049,-197.835480,10.000000
100000.000000,-1986.958374,17406.378906,-70.971939,511.867950,10.000000
100000.000000,1816.298218,10046.190430,42.842659,291.064728,10.000000
100000.000000,67.079300,7010.312500,-9.708014,199.854919,10.000000
100000.000000,-7625.363770,1688.775391,-238.973969,42.091164,10.000000
100000.000000,2548.028809,17038.236328,66.086586,502.294464,10.000000
100000.000000,1065.523560,30394.958984,33.551270,903.213745,10.000000
100000.000000,3909.171631,19304.724609,108.006332,571.634583,10.000000
100000.000000,-980.036011,-1176.862549,-40.033451,-45.007492,10.000000
100000.000000,-15757.529297,-15799.554688,-476.455048,-476.561462,10.000000
100000.000000,-891.683594,14782.570312,-38.368214,433.239532,10.000000
100000.000000,-5004.727051,-3484.235107,-159.894623,-112.981499,10.000000
100000.000000,-5698.129883,1719.592773,-181.722046,42.460732,10.000000
100000.000000,-2953.726318,8637.473633,-100.979759,248.891983,10.000000
100000.000000,-732.477051,2819.229248,-33.214546,74.314484,10.000000
100000.000000,-2260.950928,17906.669922,-79.016304,526.614441,10.000000
100000.000000,5274.367188,17290.748047,148.082733,510.871033,10.000000
100000.000000,-2378.521729,5102.557129,-83.048882,142.877228,10.000000
100000.000000,-99.727585,-950.144653,-13.654746,-38.392162,10.000000
100000.000000,-7503.775391,-5206.228027,-233.880859,-163.741379,10.000000
100000.000000,-1159.993896,3807.757324,-46.194187,103.934464,10.000000
100000.000000,-4203.455078,9853.590820,-139.262573,285.466949,10.000000
100000.000000,-5658.272949,6903.619629,-182.435593,197.787872,10.000000
100000.000000,-3901.772217,2895.787598,-128.317490,77.149399,10.000000
100000.000000,-8488.062500,-11406.464844,-262.076385,-347.480927,10.000000
100000.000000,-7222.780762,2673.640137,-227.356354,71.434479,10.000000
100000.000000,124.125870,14396.875000,-7.570385,421.754791,10.000000
100000.000000,860.745178,3440.269531,14.597569,92.661423,10.000000
100000.000000,1915.607666,10726.963867,45.989662,311.427948,10.000000
100000.000000,-5021.294434,7454.709961,-163.367859,213.949463,10.000000
100000.000000,-11977.264648,-9960.864258,-365.532837,-304.179749,10.000000
100000.000000,-2629.625488,8867.499023,-91.103615,255.642914,10.000000
100000.000000,1485.826904,12042.530273,33.192406,351.009705,10.000000
100000.000000,-6228.117676,-6979.592285,-195.665787,-216.644150,10.000000
100000.000000,-2727.921875,-3302.923340,-91.944740,-108.004364,10.000000
100000.000000,-3058.110352,5070.183105,-103.395111,142.010132,10.000000
100000.000000,-5279.599121,7041.815918,-170.957977,201.662552,10.000000
100000.000000,-4629.621582,2726.664795,-150.032135,72.247658,10.000000
100000.000000,-871.149109,17245.164062,-36.826149,507.140747,10.000000
100000.000000,-13437.717773,-11075.990234,-408.517853,-337.032135,10.000000
100000.000000,-8272.066406,37.283695,-257.741608,-7.240868,10.000000
100000.000000,-13245.413086,-7305.662598,-403.314697,-225.201385,10.000000
100000.000000,-10494.925781,-2356.461914,-322.918579,-78.279945,10.000000
100000.000000,-4636.072266,8529.212891,-151.842682,245.874146,10.000000
100000.000000,-2966.406250,8312.308594,-101.086617,239.022995,10.000000
100000.000000,-950.716125,12459.706055,-40.133881,363.297791,10.000000
100000.000000,-2596.197266,16164.331055,-89.395622,474.118225,10.000000
