Mass,x_pos,y_pos,x_vel,y_vel,radius
594 
100000.000000,175975.671875,192839.640625,576.059937,636.015686,10.000000
100000.000000,231915.093750,240969.359375,756.961365,793.791870,10.000000
100000.000000,-327899.562500,28177.367188,-1083.859863,86.360725,10.000000
100000.000000,129766.804688,346764.500000,448.238586,1069.898071,10.000000
100000.000000,93881.093750,285310.281250,302.039398,924.413635,10.000000
100000.000000,143468.156250,328169.625000,544.135132,950.376282,10.000000
100000.000000,153064.093750,168208.875000,501.567291,554.558167,10.000000
100000.000000,64361.738281,25738.115234,208.513535,77.544525,10.000000
100000.000000,400767.312500,300113.968750,1311.112549,983.518311,10.000000
100000.000000,159214.250000,177197.843750,521.544983,584.280884,10.000000
100000.000000,-190937.953125,623519.250000,-632.510681,2047.525269,10.000000
100000.000000,-199717.078125,154168.828125,-670.520996,496.522003,10.000000
100000.000000,153732.718750,260366.312500,502.261505,862.952698,10.000000
100000.000000,74217.390625,279588.687500,238.486404,910.783813,10.000000
100000.000000,104956.343750,126272.406250,344.373596,416.092560,10.000000
100000.000000,-105184.289062,206519.937500,-355.405884,670.623474,10.000000
100000.000000,109795.710938,128538.031250,360.208130,423.545380,10.000000
100000.000000,177568.218750,288658.156250,575.579346,957.158752,10.000000
100000.000000,590640.125000,508986.656250,1934.915283,1667.601562,10.000000
100000.000000,174755.625000,275201.156250,586.953369,876.568054,10.000000
100000.000000,1696978.625000,1771088.375000,5562.693848,5805.766602,10.000000
100000.000000,1928414.750000,1628975.250000,6321.525391,5339.733398,10.000000
100000.000000,1940188.250000,1671179.625000,6360.082031,5478.114746,10.000000
100000.000000,723463.812500,640476.812500,2370.544189,2098.638184,10.000000
100000.000000,130492.117188,295140.875000,428.121613,939.504395,10.000000
100000.000000,-111861.890625,547496.687500,-402.649902,1821.079102,10.000000
100000.000000,151491.625000,223173.781250,495.767242,737.187256,10.000000
100000.000000,327201.593750,388875.781250,1068.173828,1273.221069,10.000000
100000.000000,175656.296875,284671.937500,569.909180,943.751404,10.000000
100000.000000,129136.648438,353911.500000,378.701813,1128.703857,10.000000
100000.000000,170174.921875,245651.734375,555.583801,812.143860,10.000000
100000.000000,251900.250000,-124183.523438,827.381897,-420.850281,10.000000
100000.000000,37663.253906,284355.593750,121.608681,930.140015,10.000000
100000.000000,-76220.531250,166911.375000,-282.549744,519.211426,10.000000
100000.000000,142648.234375,155950.109375,467.358734,513.801453,10.000000
100000.000000,-72300.179688,298163.343750,-269.095337,968.574646,10.000000
100000.000000,-36635.500000,375729.968750,-145.496933,1233.746460,10.000000
100000.000000,145989.421875,228362.453125,477.847168,754.579773,10.000000
100000.000000,74944.046875,269862.593750,237.705078,873.565613,10.000000
100000.000000,170053.781250,264242.281250,554.083679,874.882202,10.000000
100000.000000,-8324.462891,763198.625000,-42.764637,2539.926025,10.000000
100000.000000,35370.695312,721768.312500,112.083519,2372.669189,10.000000
100000.000000,133307.953125,182130.484375,436.764771,600.477356,10.000000
100000.000000,155597.812500,316559.093750,497.602478,1060.453735,10.000000
100000.000000,142512.140625,254819.328125,466.327881,843.987549,10.000000
100000.000000,90074.484375,125852.343750,295.401337,414.517151,10.000000
100000.000000,114445.562500,158696.406250,375.157440,522.881653,10.000000
100000.000000,89691.312500,138911.046875,294.125732,457.558472,10.000000
100000.000000,82637.609375,112937.335938,271.060059,371.990143,10.000000
100000.000000,130139.562500,147661.812500,426.464264,486.391724,10.000000
100000.000000,90230.453125,115941.359375,295.936249,381.850433,10.000000
100000.000000,2154629.250000,1845373.250000,7062.888672,6049.032227,10.000000
100000.000000,155611.515625,132343.687500,509.710754,435.668762,10.000000
100000.000000,127961.203125,108203.281250,419.437134,356.152557,10.000000
100000.000000,148149.968750,247460.921875,484.494324,818.809143,10.000000
100000.000000,95904.445312,342114.312500,341.831268,1124.941895,10.000000
100000.000000,155011.890625,285687.281250,504.224579,949.943481,10.000000
100000.000000,113818.257812,192233.125000,373.164734,633.860962,10.000000
100000.000000,127834.460938,159319.843750,418.856384,524.867432,10.000000
100000.000000,109808.859375,166369.593750,359.956024,548.168213,10.000000
100000.000000,97748.296875,122994.406250,320.493134,405.010925,10.000000
100000.000000,127513.765625,129591.921875,417.872345,426.680695,10.000000
100000.000000,116484.039062,191344.750000,381.847443,630.913940,10.000000
100000.000000,87809.507812,136965.390625,287.907318,451.067902,10.000000
100000.000000,95619.687500,96944.382812,313.631256,319.180023,10.000000
100000.000000,127859.015625,107070.812500,419.078003,352.396576,10.000000
100000.000000,-133749.609375,98359.484375,-442.576660,318.777435,10.000000
100000.000000,-2292.679199,469881.125000,-9.332421,1538.513428,10.000000
100000.000000,110089.687500,199411.734375,361.042114,657.631714,10.000000
100000.000000,93260.078125,164961.406250,305.806488,543.424927,10.000000
100000.000000,166163.484375,146705.140625,544.029602,482.983673,10.000000
100000.000000,138931.609375,151582.250000,455.089233,499.230255,10.000000
100000.000000,82476.031250,132591.171875,270.413177,436.631256,10.000000
100000.000000,93744.328125,139430.906250,307.330353,459.168549,10.000000
100000.000000,83806.773438,298718.812500,281.052399,984.251160,10.000000
100000.000000,94735.570312,112991.351562,310.628418,372.025055,10.000000
100000.000000,158234.875000,200979.140625,517.730713,662.814453,10.000000
100000.000000,101310.648438,101189.195312,332.212280,333.107086,10.000000
100000.000000,83498.117188,106893.632812,273.827515,351.987610,10.000000
100000.000000,155261.890625,236400.937500,507.569946,781.243591,10.000000
100000.000000,84475.281250,103808.289062,277.043854,341.819946,10.000000
100000.000000,99055.101562,157144.875000,324.725433,517.601074,10.000000
100000.000000,132537.296875,182265.750000,434.133942,600.770386,10.000000
100000.000000,145614.656250,206465.375000,476.648712,681.162354,10.000000
100000.000000,118090.414062,142679.671875,386.978302,469.843811,10.000000
100000.000000,-120570.187500,-22033.511719,-406.769928,-87.584641,10.000000
100000.000000,116806.867188,146505.609375,382.768677,482.469299,10.000000
100000.000000,117033.460938,180199.343750,383.543945,593.881104,10.000000
100000.000000,130526.148438,350834.468750,580.933472,997.686829,10.000000
100000.000000,84798.523438,112700.664062,278.043091,371.076782,10.000000
100000.000000,135546.203125,112495.101562,444.117798,370.201324,10.000000
100000.000000,71669.695312,94159.867188,235.092270,310.122314,10.000000
100000.000000,95716.343750,167593.906250,313.822876,552.067688,10.000000
100000.000000,122654.953125,163120.875000,401.861664,537.348267,10.000000
100000.000000,139195.078125,234059.390625,455.702576,773.500122,10.000000
100000.000000,74190.593750,94663.015625,243.353790,311.752014,10.000000
100000.000000,95903.335938,155721.546875,314.384094,512.853394,10.000000
100000.000000,89701.375000,133412.828125,294.052521,439.274811,10.000000
100000.000000,-8571695.000000,400381.031250,-28105.726562,1311.012085,10.000000
100000.000000,-957292.750000,-304190.937500,-3140.466309,-999.138062,10.000000
100000.000000,250893.000000,2027576.875000,821.112549,6646.277832,10.000000
100000.000000,20147538.000000,35460760.000000,66056.062500,116262.015625,10.000000
100000.000000,6679.540527,96679.062500,20.891144,316.636139,10.000000
100000.000000,-49150.175781,-44845.101562,-162.159882,-147.746353,10.000000
100000.000000,-9821.955078,-17957.851562,-33.260792,-59.640392,10.000000
100000.000000,-88707.343750,-77471.734375,-291.716339,-254.629517,10.000000
100000.000000,-2114.134766,21807.136719,-8.018284,70.806419,10.000000
100000.000000,-5072.087891,172612.750000,-17.160948,566.053345,10.000000
100000.000000,-32833.738281,-26170.025391,-108.702774,-86.539764,10.000000
100000.000000,-28836.562500,49414.164062,-95.688568,161.420273,10.000000
100000.000000,-75406.429688,-78071.164062,-248.144638,-256.611389,10.000000
100000.000000,54344.898438,88218.765625,177.181564,288.965973,10.000000
100000.000000,-54987.210938,18330.833984,-181.098602,59.365967,10.000000
100000.000000,-39189.691406,30382.535156,-129.410919,98.816498,10.000000
100000.000000,-69606.242188,-83529.187500,-228.759216,-274.055054,10.000000
100000.000000,44560.121094,258156.609375,148.013885,847.511414,10.000000
100000.000000,-5767.332031,92375.406250,-19.920465,301.969391,10.000000
100000.000000,-32315.589844,37336.160156,-106.911972,121.585014,10.000000
100000.000000,-1325.529053,29580.298828,-5.422996,96.154976,10.000000
100000.000000,-106962.398438,-65600.617188,-350.944000,-215.346497,10.000000
100000.000000,-36033.660156,-538.998169,-119.032784,-2.469537,10.000000
100000.000000,193.787674,97032.906250,-0.373495,317.255890,10.000000
100000.000000,28215.515625,64777.890625,91.326134,211.538773,10.000000
100000.000000,41227.769531,119052.218750,134.080460,389.675751,10.000000
100000.000000,-21089.011719,111183.476562,-70.085342,363.577026,10.000000
100000.000000,-25699.480469,107608.242188,-85.216888,351.844208,10.000000
100000.000000,-26008.755859,90255.390625,-86.263031,294.975464,10.000000
100000.000000,-120413.617188,-112961.742188,-394.870361,-370.274658,10.000000
100000.000000,-24884.968750,89894.796875,-82.574615,293.795288,10.000000
100000.000000,18976.277344,51574.433594,61.064663,168.235352,10.000000
100000.000000,-99346.835938,-60964.542969,-326.051819,-200.185211,10.000000
100000.000000,-13974.848633,47147.214844,-46.846291,153.714859,10.000000
100000.000000,37863.046875,48581.281250,122.905525,158.432159,10.000000
100000.000000,-20422.667969,132777.078125,-67.795471,434.352386,10.000000
100000.000000,-11374.176758,118619.546875,-38.197762,387.983337,10.000000
100000.000000,-43312.765625,-12866.550781,-142.840286,-42.830223,10.000000
100000.000000,-4272.983398,83267.898438,-15.035814,272.103394,10.000000
100000.000000,22689.744141,23333.267578,73.225304,75.672401,10.000000
100000.000000,-8995.237305,161067.250000,-30.100485,527.191101,10.000000
100000.000000,-26379.855469,56122.121094,-87.483665,183.118378,10.000000
100000.000000,7944.283691,15631.837891,24.943230,50.444515,10.000000
100000.000000,-49886.800781,-60681.695312,-164.281326,-199.330963,10.000000
100000.000000,-21376.208984,89696.742188,-71.068764,293.141968,10.000000
100000.000000,4691.077148,101213.148438,14.379239,330.963165,10.000000
100000.000000,-26404.609375,84307.187500,-87.559982,275.471344,10.000000
100000.000000,-65161.261719,-7413.272949,-214.341080,-24.939114,10.000000
100000.000000,-1249.377930,118050.718750,-5.012462,386.156097,10.000000
100000.000000,-106139.289062,-97146.375000,-348.218842,-318.557953,10.000000
100000.000000,36858.355469,106194.968750,119.735130,347.428589,10.000000
100000.000000,-98208.007812,-25906.603516,-322.374573,-85.439003,10.000000
100000.000000,17506.330078,263318.781250,59.207150,863.117432,10.000000
100000.000000,-42195.902344,-59949.750000,-139.116547,-196.947281,10.000000
100000.000000,-20864.525391,157178.078125,-69.051346,514.315979,10.000000
100000.000000,13682.464844,89684.585938,43.799477,293.174011,10.000000
100000.000000,-2396.989014,61749.757812,-8.915079,201.559204,10.000000
100000.000000,-72484.476562,13371.920898,-238.336243,43.144989,10.000000
100000.000000,20927.125000,154376.265625,67.902321,505.511444,10.000000
100000.000000,11883.557617,277127.625000,41.218899,908.012634,10.000000
100000.000000,33788.738281,175683.906250,110.266060,575.669373,10.000000
100000.000000,-11766.357422,-13159.840820,-39.572029,-43.842781,10.000000
100000.000000,-145288.296875,-145308.546875,-476.164581,-476.041779,10.000000
100000.000000,-10987.415039,133143.640625,-36.837006,435.580170,10.000000
100000.000000,-48395.523438,-34001.183594,-159.443054,-112.019211,10.000000
100000.000000,-54987.515625,13519.680664,-181.097366,43.588367,10.000000
100000.000000,-30207.333984,76696.609375,-100.022865,250.513611,10.000000
100000.000000,-9633.654297,23339.789062,-32.616428,75.695091,10.000000
100000.000000,-23309.404297,161689.765625,-77.018188,529.064026,10.000000
100000.000000,45929.574219,157092.046875,149.777145,514.676880,10.000000
100000.000000,-24804.300781,44284.734375,-82.314178,144.314377,10.000000
100000.000000,-3713.100586,-11125.560547,-13.202618,-37.190624,10.000000
100000.000000,-71023.382812,-49554.789062,-233.449554,-162.891266,10.000000
100000.000000,-13580.148438,32393.693359,-45.544422,105.354446,10.000000
100000.000000,-41847.828125,87857.671875,-138.205887,287.073120,10.000000
100000.000000,-55087.300781,61002.703125,-181.565948,199.140564,10.000000
100000.000000,-38658.839844,24158.494141,-127.664764,78.399834,10.000000
100000.000000,-79701.851562,-105768.171875,-261.757050,-346.792450,10.000000
100000.000000,-68913.882812,22349.216797,-226.682861,72.538040,10.000000
100000.000000,-1609.299561,129654.343750,-6.105476,424.186646,10.000000
100000.000000,4962.334473,28974.753906,15.185996,94.147919,10.000000
100000.000000,14649.690430,95922.812500,47.000225,313.621338,10.000000
100000.000000,-49257.542969,65964.117188,-162.469681,215.366974,10.000000
100000.000000,-111321.632812,-92551.210938,-365.171051,-303.521088,10.000000
100000.000000,-27194.292969,78771.359375,-90.134857,257.302826,10.000000
100000.000000,10770.360352,108029.843750,34.343990,353.317230,10.000000
100000.000000,-59364.152344,-65722.039062,-195.283722,-215.813583,10.000000
100000.000000,-27641.359375,-32451.511719,-91.515793,-106.976646,10.000000
100000.000000,-31016.167969,44008.347656,-102.651901,143.410675,10.000000
100000.000000,-51585.468750,62201.179688,-170.082764,203.043991,10.000000
100000.000000,-45292.824219,22647.587891,-149.378174,73.459816,10.000000
100000.000000,-10464.714844,155769.531250,-34.921860,509.762207,10.000000
100000.000000,-124476.914062,-102611.656250,-408.169067,-336.415863,10.000000
100000.000000,-78248.132812,-1714.678711,-257.159119,-6.262599,10.000000
100000.000000,-122854.773438,-68408.648438,-402.900208,-224.519257,10.000000
100000.000000,-98212.960938,-23460.222656,-322.397888,-77.432816,10.000000
100000.000000,-45722.773438,75740.343750,-150.878342,247.373474,10.000000
100000.000000,-30254.171875,73682.289062,-100.152641,240.623001,10.000000
100000.000000,-11587.769531,111742.882812,-38.877754,365.395721,10.000000
100000.000000,-26529.701172,145621.875000,-87.676506,476.357452,10.000000
