Mass,x_pos,y_pos,x_vel,y_vel,radius
630 
100000.000000,182888.421875,200472.031250,576.051147,636.047668,10.000000
100000.000000,240998.453125,250495.062500,756.934143,793.821777,10.000000
100000.000000,-340906.062500,29213.710938,-1083.856934,86.362373,10.000000
100000.000000,135207.796875,359845.750000,457.229248,1107.253418,10.000000
100000.000000,97506.046875,296404.125000,302.116760,924.550720,10.000000
100000.000000,149993.968750,339581.125000,543.544067,951.468323,10.000000
100000.000000,159082.843750,174863.718750,501.564362,554.584534,10.000000
100000.000000,66863.921875,26668.699219,208.515152,77.552521,10.000000
100000.000000,416500.812500,311915.968750,1311.100830,983.520752,10.000000
100000.000000,165472.625000,184209.390625,521.540588,584.309509,10.000000
100000.000000,-198527.953125,648089.250000,-632.506287,2047.522339,10.000000
100000.000000,-207763.437500,160127.203125,-670.515503,496.524933,10.000000
100000.000000,159759.718750,270722.437500,502.236542,863.052612,10.000000
100000.000000,77079.648438,290518.687500,238.553421,910.868286,10.000000
100000.000000,109088.843750,131265.625000,344.375793,416.110046,10.000000
100000.000000,-109449.109375,214567.437500,-355.395874,670.629333,10.000000
100000.000000,114118.148438,133620.687500,360.209595,423.563324,10.000000
100000.000000,184474.609375,300144.812500,575.490540,957.278137,10.000000
100000.000000,613858.625000,528998.125000,1934.912354,1667.601562,10.000000
100000.000000,181798.687500,285720.625000,586.895142,876.669495,10.000000
100000.000000,1763731.625000,1840757.375000,5562.693848,5805.766602,10.000000
100000.000000,2004272.750000,1693052.250000,6321.525391,5339.733398,10.000000
100000.000000,2016508.250000,1736915.625000,6360.082031,5478.114746,10.000000
100000.000000,751909.812500,665660.312500,2370.544189,2098.638184,10.000000
100000.000000,135629.609375,306416.718750,428.124542,939.789124,10.000000
100000.000000,-116693.609375,569350.187500,-402.642670,1821.073242,10.000000
100000.000000,157440.687500,232020.343750,495.758820,737.240234,10.000000
100000.000000,340019.656250,404154.531250,1068.151367,1273.217896,10.000000
100000.000000,182494.734375,295997.718750,569.830933,943.868286,10.000000
100000.000000,134041.203125,367037.750000,440.560791,1061.604614,10.000000
100000.000000,176841.750000,255397.890625,555.559204,812.210571,10.000000
100000.000000,261828.750000,-129233.648438,827.380432,-420.846619,10.000000
100000.000000,39122.910156,295517.562500,121.664154,930.179749,10.000000
100000.000000,-79611.093750,173142.000000,-282.540985,519.218811,10.000000
100000.000000,148256.359375,162115.859375,467.357269,513.825012,10.000000
100000.000000,-75529.203125,309786.093750,-269.075592,968.579834,10.000000
100000.000000,-38381.265625,390534.968750,-145.465912,1233.741089,10.000000
100000.000000,151723.546875,237417.781250,477.840057,754.638184,10.000000
100000.000000,77796.835938,280345.843750,237.757324,873.641357,10.000000
100000.000000,176702.531250,274741.406250,554.043152,874.972900,10.000000
100000.000000,-8837.626953,793677.125000,-42.763115,2539.920166,10.000000
100000.000000,36715.726562,750239.812500,112.085052,2372.663330,10.000000
100000.000000,138548.953125,189336.406250,436.764038,600.508850,10.000000
100000.000000,161567.218750,329287.125000,497.312805,1060.864380,10.000000
100000.000000,148107.890625,264947.750000,466.316650,844.082642,10.000000
100000.000000,93619.359375,130826.656250,295.404266,414.534058,10.000000
100000.000000,118947.437500,164971.156250,375.159637,522.905701,10.000000
100000.000000,93220.812500,144401.796875,294.129395,457.577393,10.000000
100000.000000,85890.359375,117401.312500,271.062988,372.005096,10.000000
100000.000000,135257.187500,153498.687500,426.464264,486.413513,10.000000
100000.000000,93781.703125,120523.664062,295.939178,381.866028,10.000000
100000.000000,2239385.250000,1917961.250000,7062.888672,6049.032227,10.000000
100000.000000,161728.140625,137571.890625,509.708557,435.687225,10.000000
100000.000000,132994.453125,112477.210938,419.437134,356.167786,10.000000
100000.000000,153963.859375,257287.125000,484.481140,818.889526,10.000000
100000.000000,100010.601562,355614.718750,342.494202,1125.115967,10.000000
100000.000000,161062.171875,297087.718750,504.161316,950.117554,10.000000
100000.000000,118296.320312,199839.687500,373.168396,633.895935,10.000000
100000.000000,132860.703125,165618.375000,418.857117,524.891846,10.000000
100000.000000,114128.296875,172947.796875,359.958954,548.193970,10.000000
100000.000000,101594.296875,127854.648438,320.495331,405.027679,10.000000
100000.000000,132528.265625,134712.171875,417.872345,426.699036,10.000000
100000.000000,121066.164062,198915.921875,381.850433,630.948669,10.000000
100000.000000,91264.382812,142378.312500,287.910980,451.086395,10.000000
100000.000000,99383.242188,100774.632812,313.633392,319.193573,10.000000
100000.000000,132887.890625,111299.671875,419.078003,352.411652,10.000000
100000.000000,-139060.359375,102184.859375,-442.571716,318.781952,10.000000
100000.000000,-2404.534180,488343.125000,-9.311248,1538.494873,10.000000
100000.000000,114422.250000,207303.531250,361.047241,657.669678,10.000000
100000.000000,96929.828125,171482.656250,305.811615,543.449280,10.000000
100000.000000,172691.859375,152501.140625,544.026672,483.004272,10.000000
100000.000000,144392.734375,157573.187500,455.088501,499.252838,10.000000
100000.000000,85721.054688,137830.859375,270.416901,436.648804,10.000000
100000.000000,97432.265625,144941.093750,307.333893,459.187714,10.000000
100000.000000,87320.757812,311022.843750,281.177704,984.390503,10.000000
100000.000000,98618.382812,117641.773438,310.630707,372.041016,10.000000
100000.000000,164706.359375,209264.562500,517.723145,662.854004,10.000000
100000.000000,105463.382812,105353.125000,332.213806,333.121826,10.000000
100000.000000,86920.968750,111293.578125,273.830566,352.002472,10.000000
100000.000000,161606.421875,246166.921875,507.555939,781.310120,10.000000
100000.000000,87938.367188,108081.140625,277.046753,341.834473,10.000000
100000.000000,103114.226562,163615.062500,324.729248,517.624878,10.000000
100000.000000,137963.859375,189775.593750,434.133942,600.803162,10.000000
100000.000000,151572.859375,214980.171875,476.644135,681.206360,10.000000
100000.000000,122927.718750,148552.843750,386.979828,469.865234,10.000000
100000.000000,-125654.757812,-23128.294922,-406.767578,-87.580803,10.000000
100000.000000,121591.437500,152536.609375,382.770203,482.491486,10.000000
100000.000000,121827.796875,187623.062500,383.546417,593.912781,10.000000
100000.000000,136300.671875,365206.562500,752.221375,1148.857056,10.000000
100000.000000,88274.109375,117339.226562,278.046143,371.092377,10.000000
100000.000000,141097.765625,117122.726562,444.117798,370.217743,10.000000
100000.000000,74608.367188,98036.476562,235.095322,310.135498,10.000000
100000.000000,99639.195312,174494.937500,313.828033,552.094116,10.000000
100000.000000,127678.195312,169837.906250,401.863190,537.374756,10.000000
100000.000000,144891.171875,243728.578125,455.697998,773.567810,10.000000
100000.000000,77232.585938,98560.007812,243.356781,311.765289,10.000000
100000.000000,99833.218750,162132.390625,314.388306,512.876770,10.000000
100000.000000,93377.046875,138903.843750,294.056305,439.293518,10.000000
100000.000000,-8923020.000000,416768.531250,-28105.726562,1311.012085,10.000000
100000.000000,-996549.000000,-316680.000000,-3140.466309,-999.138062,10.000000
100000.000000,261157.062500,2110655.500000,821.112549,6646.277832,10.000000
100000.000000,20973238.000000,36914060.000000,66056.062500,116262.015625,10.000000
100000.000000,6940.713867,100637.070312,20.896252,316.646576,10.000000
100000.000000,-51177.128906,-46691.882812,-162.157898,-147.741852,10.000000
100000.000000,-10237.700195,-18703.324219,-33.258652,-59.634796,10.000000
100000.000000,-92353.828125,-80654.546875,-291.714783,-254.625946,10.000000
100000.000000,-2214.345215,22692.265625,-8.015507,70.813286,10.000000
100000.000000,-5286.525879,179688.531250,-17.149733,566.068115,10.000000
100000.000000,-34192.527344,-27251.738281,-108.700569,-86.534691,10.000000
100000.000000,-30032.646484,51431.960938,-95.684830,161.427353,10.000000
100000.000000,-78508.187500,-81278.781250,-248.142731,-256.607574,10.000000
100000.000000,56559.687500,91830.898438,177.185013,288.977905,10.000000
100000.000000,-57160.363281,19043.261719,-181.095657,59.371353,10.000000
100000.000000,-40742.585938,31568.367188,-129.407700,98.822510,10.000000
100000.000000,-72351.398438,-86817.765625,-228.757599,-274.051392,10.000000
100000.000000,46336.523438,268327.125000,148.051193,847.551880,10.000000
100000.000000,-6006.346680,95999.078125,-19.915588,301.978638,10.000000
100000.000000,-33598.496094,38795.214844,-106.908669,121.591377,10.000000
100000.000000,-1390.587280,30734.199219,-5.420177,96.161827,10.000000
100000.000000,-111173.648438,-68184.742188,-350.941803,-215.343155,10.000000
100000.000000,-37462.035156,-568.598877,-119.030251,-2.464194,10.000000
100000.000000,189.337433,100840.062500,-0.368487,317.265625,10.000000
100000.000000,29311.453125,67316.421875,91.329391,211.547867,10.000000
100000.000000,42836.777344,123728.421875,134.085678,389.689240,10.000000
100000.000000,-21930.000000,115546.429688,-70.079422,363.586395,10.000000
100000.000000,-26722.042969,111830.406250,-85.211121,351.853180,10.000000
100000.000000,-27043.878906,93795.179688,-86.258057,294.983704,10.000000
100000.000000,-125152.117188,-117405.007812,-394.868896,-370.271729,10.000000
100000.000000,-25875.833984,93420.359375,-82.569664,293.803589,10.000000
100000.000000,19709.074219,53593.308594,61.067730,168.243561,10.000000
100000.000000,-103259.398438,-63366.738281,-326.049622,-200.181686,10.000000
100000.000000,-14536.983398,48991.839844,-46.842896,153.721985,10.000000
100000.000000,39337.921875,50482.519531,122.908157,158.440704,10.000000
100000.000000,-21236.166016,137989.343750,-67.788261,434.362823,10.000000
100000.000000,-11832.509766,123275.390625,-38.191490,387.993622,10.000000
100000.000000,-45026.812500,-13380.483398,-142.837921,-42.825260,10.000000
100000.000000,-4453.384277,86533.210938,-15.031339,272.112244,10.000000
100000.000000,23568.462891,24241.382812,73.227661,75.679543,10.000000
100000.000000,-9356.383789,167393.546875,-30.091000,527.204224,10.000000
100000.000000,-27429.634766,58319.589844,-87.479904,183.125473,10.000000
100000.000000,8243.617188,16237.213867,24.945648,50.451099,10.000000
100000.000000,-51858.175781,-63073.632812,-164.279495,-199.326920,10.000000
100000.000000,-22229.000000,93214.476562,-71.063850,293.150421,10.000000
100000.000000,4863.660645,105184.773438,14.384377,330.973328,10.000000
100000.000000,-27455.296875,87612.882812,-87.555252,275.479401,10.000000
100000.000000,-67733.382812,-7712.512207,-214.338516,-24.934406,10.000000
100000.000000,-1309.488647,122684.648438,-5.006327,386.166901,10.000000
100000.000000,-110317.914062,-100969.125000,-348.217377,-318.555023,10.000000
100000.000000,38295.199219,110364.203125,119.739792,347.440704,10.000000
100000.000000,-102076.507812,-26931.847656,-322.372375,-85.435066,10.000000
100000.000000,18217.031250,273676.281250,59.241161,863.144104,10.000000
100000.000000,-43865.308594,-62313.093750,-139.114716,-196.943130,10.000000
100000.000000,-21693.083984,163349.828125,-69.042282,514.327698,10.000000
100000.000000,14208.086914,93202.734375,43.803936,293.183929,10.000000
100000.000000,-2503.946533,64168.519531,-8.911391,201.567200,10.000000
100000.000000,-75344.429688,13889.692383,-238.333313,43.149929,10.000000
100000.000000,21742.005859,160442.546875,67.910873,505.526733,10.000000
100000.000000,12378.427734,288023.812500,41.257183,908.036743,10.000000
100000.000000,35111.992188,182592.125000,110.276779,575.688782,10.000000
100000.000000,-12241.208984,-13685.919922,-39.569889,-43.837330,10.000000
100000.000000,-151002.171875,-151020.921875,-476.163116,-476.039581,10.000000
100000.000000,-11429.413086,138370.765625,-36.829815,435.591278,10.000000
100000.000000,-50308.843750,-35345.371094,-159.440857,-112.014709,10.000000
100000.000000,-57160.640625,14042.775391,-181.094437,43.593658,10.000000
100000.000000,-31407.582031,79702.796875,-100.018387,250.521225,10.000000
100000.000000,-10025.032227,24248.169922,-32.613659,75.701553,10.000000
100000.000000,-24233.562500,168038.515625,-77.008759,529.075745,10.000000
100000.000000,47726.949219,163268.296875,149.785110,514.695068,10.000000
100000.000000,-25792.050781,46016.550781,-82.310768,144.321121,10.000000
100000.000000,-3871.518799,-11571.811523,-13.200526,-37.185001,10.000000
100000.000000,-73824.820312,-51509.476562,-233.447571,-162.887253,10.000000
100000.000000,-14126.662109,33657.992188,-45.541405,105.361099,10.000000
100000.000000,-43506.265625,91302.609375,-138.200943,287.080627,10.000000
100000.000000,-57266.050781,63392.429688,-181.561905,199.146927,10.000000
100000.000000,-40190.808594,25099.330078,-127.661728,78.405693,10.000000
100000.000000,-82842.851562,-109929.734375,-261.755585,-346.789368,10.000000
100000.000000,-71634.132812,23219.707031,-226.679703,72.543205,10.000000
100000.000000,-1682.521729,134744.593750,-6.098596,424.198120,10.000000
100000.000000,5144.583984,30104.572266,15.188724,94.154884,10.000000
100000.000000,15213.722656,99686.312500,47.004940,313.631714,10.000000
100000.000000,-51207.167969,68548.617188,-162.465485,215.373657,10.000000
100000.000000,-115703.695312,-96193.398438,-365.169586,-303.518158,10.000000
100000.000000,-28275.880859,81859.070312,-90.130333,257.310638,10.000000
100000.000000,11182.522461,112269.734375,34.349373,353.328094,10.000000
100000.000000,-61707.527344,-68311.789062,-195.281891,-215.809692,10.000000
100000.000000,-28739.546875,-33735.210938,-91.513794,-106.971840,10.000000
100000.000000,-32247.968750,45729.316406,-102.648445,143.417236,10.000000
100000.000000,-53626.421875,64637.742188,-170.078690,203.050461,10.000000
100000.000000,-47085.324219,23529.142578,-149.375168,73.465492,10.000000
100000.000000,-10883.720703,161886.812500,-34.912872,509.774658,10.000000
100000.000000,-129374.976562,-106648.640625,-408.167603,-336.412933,10.000000
100000.000000,-81334.007812,-1789.800903,-257.156189,-6.258015,10.000000
100000.000000,-127689.609375,-71102.835938,-402.898010,-224.516022,10.000000
100000.000000,-102081.648438,-24389.390625,-322.395691,-77.428864,10.000000
100000.000000,-47533.273438,78708.843750,-150.873840,247.380539,10.000000
100000.000000,-31455.976562,76569.789062,-100.148285,240.630508,10.000000
100000.000000,-12054.266602,116127.710938,-38.871868,365.405609,10.000000
100000.000000,-27581.767578,151338.312500,-87.668404,476.368042,10.000000
