Mass,x_pos,y_pos,x_vel,y_vel,radius
678 
100000.000000,205065.796875,224961.671875,576.026001,636.136047,10.000000
100000.000000,270138.968750,281058.718750,756.858887,793.903992,10.000000
100000.000000,-382635.250000,32538.757812,-1083.847534,86.366890,10.000000
100000.000000,153023.046875,404460.562500,463.785248,1211.572021,10.000000
100000.000000,109141.820312,332006.937500,302.328156,924.925659,10.000000
100000.000000,170892.421875,376264.031250,542.220215,953.889587,10.000000
100000.000000,178393.000000,196216.718750,501.555511,554.657104,10.000000
100000.000000,74891.773438,29654.917969,208.519730,77.574539,10.000000
100000.000000,466977.156250,349780.718750,1311.068726,983.525452,10.000000
100000.000000,185551.578125,206706.859375,521.527100,584.388489,10.000000
100000.000000,-222879.203125,726918.000000,-632.496582,2047.512939,10.000000
100000.000000,-233577.687500,179243.656250,-670.501404,496.533508,10.000000
100000.000000,179094.421875,303955.531250,502.167419,863.328918,10.000000
100000.000000,86267.687500,325591.750000,238.737274,911.099976,10.000000
100000.000000,122347.281250,147286.921875,344.381104,416.158142,10.000000
100000.000000,-123131.312500,240386.984375,-355.368256,670.646240,10.000000
100000.000000,127986.406250,149928.812500,360.214294,423.612701,10.000000
100000.000000,206626.000000,337006.750000,575.244385,957.608704,10.000000
100000.000000,688351.312500,593201.687500,1934.902954,1667.601562,10.000000
100000.000000,204390.937500,319478.000000,586.736938,876.944397,10.000000
100000.000000,1977897.500000,2064278.750000,5562.693848,5805.766602,10.000000
100000.000000,2247650.500000,1898632.625000,6321.525391,5339.733398,10.000000
100000.000000,2261368.250000,1947818.625000,6360.082031,5478.114746,10.000000
100000.000000,843174.062500,746457.375000,2370.544189,2098.638184,10.000000
100000.000000,152112.421875,342614.156250,428.132446,940.556702,10.000000
100000.000000,-132194.953125,639461.437500,-402.622986,1821.054443,10.000000
100000.000000,176527.062500,260407.031250,495.735535,737.386353,10.000000
100000.000000,381142.312500,453172.250000,1068.090332,1273.208496,10.000000
100000.000000,204428.843750,332343.187500,569.613953,944.192261,10.000000
100000.000000,152557.500000,412673.750000,373.175507,1170.400024,10.000000
100000.000000,198229.421875,286671.687500,555.491028,812.394775,10.000000
100000.000000,293682.687500,-145436.140625,827.376587,-420.836639,10.000000
100000.000000,43810.062500,331331.625000,121.816780,930.289062,10.000000
100000.000000,-90488.406250,193132.296875,-282.517181,519.239990,10.000000
100000.000000,166249.093750,181899.406250,467.352905,513.889709,10.000000
100000.000000,-85887.531250,347075.781250,-269.021667,968.593933,10.000000
100000.000000,-43979.984375,438034.343750,-145.381088,1233.731689,10.000000
100000.000000,170120.031250,266474.718750,477.820435,754.799377,10.000000
100000.000000,86953.398438,313985.250000,237.900330,873.848816,10.000000
100000.000000,198030.921875,308432.937500,553.931030,875.223450,10.000000
100000.000000,-10483.923828,891462.312500,-42.758919,2539.901367,10.000000
100000.000000,41031.035156,841585.875000,112.089325,2372.644531,10.000000
100000.000000,155363.828125,212457.781250,436.763306,600.595764,10.000000
100000.000000,180697.234375,370153.687500,496.491364,1062.024536,10.000000
100000.000000,166060.453125,297450.250000,466.285614,844.345154,10.000000
100000.000000,104992.500000,146787.093750,295.412750,414.580627,10.000000
100000.000000,133391.015625,185104.359375,375.165222,522.972046,10.000000
100000.000000,104545.054688,162019.656250,294.139526,457.629456,10.000000
100000.000000,96326.359375,131724.328125,271.071350,372.046265,10.000000
100000.000000,151676.234375,172226.843750,426.464264,486.473358,10.000000
100000.000000,105175.390625,135226.390625,295.946381,381.908875,10.000000
100000.000000,2511310.750000,2150847.750000,7062.888672,6049.032227,10.000000
100000.000000,181352.281250,154346.828125,509.703064,435.738068,10.000000
100000.000000,149142.796875,126190.500000,419.437134,356.209808,10.000000
100000.000000,172615.593750,288818.843750,484.444763,819.111572,10.000000
100000.000000,113234.585938,398941.687500,344.384705,1125.616211,10.000000
100000.000000,180468.875000,333677.031250,503.985229,950.600830,10.000000
100000.000000,132663.500000,224246.640625,373.178864,633.992493,10.000000
100000.000000,148986.187500,185828.093750,418.858124,524.959290,10.000000
100000.000000,127986.968750,194054.656250,359.967133,548.265320,10.000000
100000.000000,113933.546875,143449.109375,320.502380,405.073914,10.000000
100000.000000,148616.453125,151141.171875,417.872345,426.749512,10.000000
100000.000000,135767.484375,223209.375000,381.859314,631.044556,10.000000
100000.000000,102349.218750,159746.125000,287.921234,451.137329,10.000000
100000.000000,111458.406250,113064.351562,313.638092,319.230804,10.000000
100000.000000,149021.796875,124868.382812,419.078003,352.453278,10.000000
100000.000000,-156099.015625,114458.234375,-442.558472,318.794708,10.000000
100000.000000,-2761.837402,547575.000000,-9.252957,1538.443237,10.000000
100000.000000,128322.867188,232625.968750,361.061951,657.774353,10.000000
100000.000000,108703.843750,192406.812500,305.825134,543.516602,10.000000
100000.000000,193637.062500,171097.953125,544.017273,483.061127,10.000000
100000.000000,161913.843750,176795.687500,455.086151,499.314972,10.000000
100000.000000,96132.296875,154642.796875,270.427612,436.697083,10.000000
100000.000000,109264.875000,162620.859375,307.343292,459.240540,10.000000
100000.000000,98012.070312,348437.000000,281.506073,984.756042,10.000000
100000.000000,110422.546875,131780.187500,310.637421,372.082611,10.000000
100000.000000,184379.671875,234455.078125,517.704590,662.957214,10.000000
100000.000000,118087.695312,118012.507812,332.218445,333.160065,10.000000
100000.000000,97326.609375,124670.429688,273.837921,352.041138,10.000000
100000.000000,180892.875000,275860.250000,507.519470,781.484131,10.000000
100000.000000,98466.148438,121071.625000,277.053711,341.872406,10.000000
100000.000000,115454.132812,183286.062500,324.739532,517.687195,10.000000
100000.000000,154460.609375,212607.781250,434.133942,600.888855,10.000000
100000.000000,169684.953125,240868.312500,476.632660,681.321350,10.000000
100000.000000,137632.859375,166408.781250,386.983337,469.921143,10.000000
100000.000000,-141111.468750,-26456.164062,-406.760620,-87.570824,10.000000
100000.000000,136136.734375,170872.406250,382.774841,482.549408,10.000000
100000.000000,136402.796875,210193.421875,383.553375,593.995483,10.000000
100000.000000,152202.640625,410121.875000,298.162933,976.387024,10.000000
100000.000000,98839.890625,131441.515625,278.053955,371.133026,10.000000
100000.000000,157974.515625,131191.843750,444.117798,370.260681,10.000000
100000.000000,83542.070312,109822.320312,235.103180,310.169617,10.000000
100000.000000,111564.921875,195475.875000,313.841156,552.162659,10.000000
100000.000000,142949.312500,190259.500000,401.865540,537.443604,10.000000
100000.000000,162207.296875,273127.687500,455.685791,773.744751,10.000000
100000.000000,86480.242188,110407.773438,243.364395,311.799835,10.000000
100000.000000,111780.117188,181622.937500,314.399231,512.937744,10.000000
100000.000000,104551.421875,155598.031250,294.065582,439.342316,10.000000
100000.000000,-9991048.000000,466586.531250,-28105.726562,1311.012085,10.000000
100000.000000,-1115888.000000,-354646.750000,-3140.466309,-999.138062,10.000000
100000.000000,292359.812500,2363222.500000,821.112549,6646.277832,10.000000
100000.000000,23483366.000000,41332092.000000,66056.062500,116262.015625,10.000000
100000.000000,7735.037598,112670.210938,20.909588,316.673981,10.000000
100000.000000,-57339.066406,-52305.859375,-162.152573,-147.730148,10.000000
100000.000000,-11501.417969,-20969.150391,-33.253086,-59.620197,10.000000
100000.000000,-103439.039062,-90330.250000,-291.710144,-254.616577,10.000000
100000.000000,-2518.790283,25383.531250,-8.008264,70.831200,10.000000
100000.000000,-5937.630371,201199.812500,-17.120466,566.106628,10.000000
100000.000000,-38323.011719,-30539.794922,-108.694824,-86.521477,10.000000
100000.000000,-33668.480469,57566.574219,-95.675041,161.445816,10.000000
100000.000000,-87937.531250,-91029.695312,-248.138092,-256.597900,10.000000
100000.000000,63292.910156,102812.679688,177.194092,289.009094,10.000000
100000.000000,-64041.832031,21299.666016,-181.087448,59.385998,10.000000
100000.000000,-45659.898438,35323.941406,-129.399033,98.838844,10.000000
100000.000000,-81043.898438,-97231.546875,-228.753052,-274.041748,10.000000
100000.000000,51964.500000,300536.218750,148.152924,847.661865,10.000000
100000.000000,-6762.873047,107474.781250,-19.902319,302.003815,10.000000
100000.000000,-37660.835938,43416.039062,-106.899689,121.608658,10.000000
100000.000000,-1596.400879,34388.722656,-5.412506,96.180466,10.000000
100000.000000,-124509.273438,-76367.656250,-350.937012,-215.333954,10.000000
100000.000000,-41985.039062,-661.947815,-119.023338,-2.449656,10.000000
100000.000000,175.607132,112896.671875,-0.354856,317.292114,10.000000
100000.000000,32782.144531,75355.710938,91.338287,211.572632,10.000000
100000.000000,47932.312500,138537.359375,134.099823,389.725800,10.000000
100000.000000,-24592.693359,129363.250000,-70.063293,363.611847,10.000000
100000.000000,-29959.753906,125201.335938,-85.195427,351.877655,10.000000
100000.000000,-30321.419922,105004.976562,-86.244522,295.006256,10.000000
100000.000000,-140157.359375,-131475.078125,-394.864258,-370.264160,10.000000
100000.000000,-29013.214844,104585.382812,-82.556198,293.826233,10.000000
100000.000000,22029.808594,59987.011719,61.076073,168.265839,10.000000
100000.000000,-115649.179688,-70973.351562,-326.044678,-200.172089,10.000000
100000.000000,-16316.827148,54833.671875,-46.833641,153.741364,10.000000
100000.000000,44008.582031,56503.730469,122.915314,158.463913,10.000000
100000.000000,-23811.726562,154495.625000,-67.768654,434.391113,10.000000
100000.000000,-13283.447266,138019.703125,-38.174412,388.021484,10.000000
100000.000000,-50454.546875,-15007.574219,-142.831482,-42.811745,10.000000
100000.000000,-5024.333008,96873.953125,-15.019158,272.136353,10.000000
100000.000000,26351.246094,27117.593750,73.234062,75.698959,10.000000
100000.000000,-10499.325195,187428.046875,-30.065178,527.239136,10.000000
100000.000000,-30753.667969,65278.726562,-87.469650,183.144684,10.000000
100000.000000,9191.681641,18154.712891,24.952227,50.469025,10.000000
100000.000000,-58100.687500,-70647.812500,-164.274658,-199.315826,10.000000
100000.000000,-24929.156250,104354.679688,-71.050468,293.173401,10.000000
100000.000000,5410.545410,117762.328125,14.398369,331.001038,10.000000
100000.000000,-30782.138672,98081.554688,-87.542366,275.501282,10.000000
100000.000000,-75878.046875,-8659.763672,-214.331467,-24.921589,10.000000
100000.000000,-1499.395508,137359.531250,-4.989628,386.196381,10.000000
100000.000000,-123550.226562,-113073.921875,-348.212738,-318.546600,10.000000
100000.000000,42845.562500,123567.601562,119.752472,347.473663,10.000000
100000.000000,-114326.601562,-30178.167969,-322.365417,-85.424332,10.000000
100000.000000,20499.710938,306908.656250,59.334949,863.217163,10.000000
100000.000000,-49221.101562,-69895.226562,-139.109909,-196.931671,10.000000
100000.000000,-24350.707031,183152.078125,-69.017334,514.359436,10.000000
100000.000000,15894.787109,104490.843750,43.816212,293.211365,10.000000
100000.000000,-2846.829346,71929.328125,-8.901235,201.589249,10.000000
100000.000000,-84520.062500,15551.238281,-238.325134,43.163532,10.000000
100000.000000,24357.050781,179906.171875,67.934441,505.568939,10.000000
100000.000000,13968.959961,322984.593750,41.362732,908.103149,10.000000
100000.000000,39358.246094,204757.203125,110.306320,575.742065,10.000000
100000.000000,-13764.530273,-15373.353516,-39.564011,-43.822327,10.000000
100000.000000,-169334.187500,-169348.125000,-476.159058,-476.032532,10.000000
100000.000000,-12846.960938,155141.656250,-36.810001,435.621765,10.000000
100000.000000,-56447.187500,-39657.691406,-159.435104,-112.002319,10.000000
100000.000000,-64132.613281,15721.424805,-181.086472,43.608208,10.000000
100000.000000,-35258.042969,89348.296875,-100.006081,250.542206,10.000000
100000.000000,-11280.504883,27163.044922,-32.606022,75.719376,10.000000
100000.000000,-27197.876953,188408.562500,-76.982780,529.107483,10.000000
100000.000000,53494.125000,183085.093750,149.807083,514.745422,10.000000
100000.000000,-28960.818359,51573.273438,-82.301338,144.339676,10.000000
100000.000000,-4379.622559,-13003.119141,-13.194766,-37.169525,10.000000
100000.000000,-82812.390625,-57780.398438,-233.442078,-162.876328,10.000000
100000.000000,-15879.836914,37714.757812,-45.533092,105.379440,10.000000
100000.000000,-48826.714844,102355.585938,-138.187286,287.101410,10.000000
100000.000000,-64255.984375,71059.875000,-181.550659,199.164398,10.000000
100000.000000,-45105.625000,28118.277344,-127.653351,78.421844,10.000000
100000.000000,-92920.226562,-123280.828125,-261.750885,-346.780396,10.000000
100000.000000,-80361.000000,26012.906250,-226.671005,72.557457,10.000000
100000.000000,-1916.933960,151076.859375,-6.079654,424.229767,10.000000
100000.000000,5729.501465,33729.921875,15.196233,94.174072,10.000000
100000.000000,17023.677734,111761.726562,47.017918,313.660126,10.000000
100000.000000,-57461.835938,76840.875000,-162.453918,215.391937,10.000000
100000.000000,-129762.812500,-107878.750000,-365.164886,-303.509644,10.000000
100000.000000,-31745.644531,91765.953125,-90.117874,257.332092,10.000000
100000.000000,12505.271484,125873.476562,34.364189,353.358124,10.000000
100000.000000,-69225.851562,-76620.226562,-195.277023,-215.799011,10.000000
100000.000000,-32262.707031,-37853.355469,-91.508331,-106.958611,10.000000
100000.000000,-36199.746094,51251.253906,-102.638893,143.435333,10.000000
100000.000000,-60174.238281,72455.554688,-170.067398,203.068344,10.000000
100000.000000,-52836.097656,26357.882812,-149.366730,73.481140,10.000000
100000.000000,-12227.365234,181513.859375,-34.888126,509.808868,10.000000
100000.000000,-145089.062500,-119600.281250,-408.162903,-336.405090,10.000000
100000.000000,-91234.523438,-2030.479370,-257.148956,-6.245391,10.000000
100000.000000,-143201.375000,-79746.640625,-402.893158,-224.507233,10.000000
100000.000000,-114493.687500,-27370.179688,-322.388641,-77.417931,10.000000
100000.000000,-53341.667969,88233.375000,-150.861374,247.399902,10.000000
100000.000000,-35311.445312,85834.492188,-100.136261,240.651215,10.000000
100000.000000,-13550.503906,130196.375000,-38.855659,365.432922,10.000000
100000.000000,-30956.552734,169679.062500,-87.646118,476.397186,10.000000
