Mass,x_pos,y_pos,x_vel,y_vel,radius
71 
100000.000000,22371.492188,23645.132812,577.600037,630.292725,10.000000
100000.000000,29928.787109,29706.345703,761.733215,788.458374,10.000000
100000.000000,-39027.859375,5178.305664,-1084.305542,86.047745,10.000000
100000.000000,20789.427734,41193.718750,475.875153,1162.441284,10.000000
100000.000000,14362.604492,40602.734375,272.015564,877.550049,10.000000
100000.000000,22526.589844,41535.644531,513.428833,1140.255859,10.000000
100000.000000,19367.757812,20669.597656,502.078339,549.829590,10.000000
100000.000000,8809.072266,5150.978516,208.193329,76.005814,10.000000
100000.000000,51243.199219,38028.363281,1313.268921,983.112488,10.000000
100000.000000,20179.851562,21758.958984,522.308838,579.151306,10.000000
100000.000000,-22336.101562,77823.375000,-633.243469,2048.145264,10.000000
100000.000000,-20970.753906,21876.968750,-671.578918,495.893707,10.000000
100000.000000,19666.289062,31288.314453,505.840454,846.874207,10.000000
100000.000000,11377.573242,37753.402344,222.248886,891.135742,10.000000
100000.000000,13200.705078,15550.131836,343.978424,412.945435,10.000000
100000.000000,-10368.493164,27859.888672,-357.420227,669.399475,10.000000
100000.000000,13817.322266,15834.108398,359.867828,420.312897,10.000000
100000.000000,23419.667969,34624.707031,588.387634,938.688477,10.000000
100000.000000,74952.406250,64556.828125,1935.579834,1667.834351,10.000000
100000.000000,17281.755859,43584.765625,666.565552,651.733093,10.000000
100000.000000,214509.234375,223855.734375,5562.705078,5805.775391,10.000000
100000.000000,243734.687500,205932.140625,6321.536621,5339.737305,10.000000
100000.000000,245235.093750,211273.500000,6360.092285,5478.118164,10.000000
100000.000000,91701.234375,81185.929688,2370.885254,2098.794189,10.000000
100000.000000,17238.162109,44831.031250,-106.109726,1006.462769,10.000000
100000.000000,-4475.707031,62113.941406,-404.518890,1822.595459,10.000000
100000.000000,19294.916016,27206.734375,497.056396,728.060364,10.000000
100000.000000,42321.835938,49520.605469,1072.176392,1274.007812,10.000000
100000.000000,23106.267578,34195.164062,581.259277,925.509827,10.000000
100000.000000,17793.591797,44571.128906,109.701736,1412.500000,10.000000
100000.000000,21890.416016,29831.330078,559.492798,800.841125,10.000000
100000.000000,31393.808594,-11991.027344,827.562317,-421.561096,10.000000
100000.000000,5799.852051,36858.390625,110.779839,922.634338,10.000000
100000.000000,-822.193726,28629.375000,-284.911011,517.119995,10.000000
100000.000000,18084.941406,19245.671875,467.559662,509.577728,10.000000
100000.000000,-363.227692,40096.089844,-274.438202,967.207092,10.000000
100000.000000,2486.363770,46884.750000,-153.691528,1235.011719,10.000000
100000.000000,18581.916016,27808.632812,478.871155,744.610168,10.000000
100000.000000,12189.844727,37903.156250,223.017654,853.230042,10.000000
100000.000000,22034.750000,31906.548828,560.240417,860.092834,10.000000
100000.000000,3088.465332,86258.906250,-43.115067,2540.962402,10.000000
100000.000000,5515.544434,89394.164062,111.787537,2373.808350,10.000000
100000.000000,16908.125000,22400.892578,436.767761,594.897766,10.000000
100000.000000,21041.761719,36917.773438,524.691833,1015.483154,10.000000
100000.000000,18143.669922,30752.566406,467.769165,828.662292,10.000000
100000.000000,11379.951172,15544.174805,294.821503,411.483826,10.000000
100000.000000,14486.775391,19576.224609,374.740479,518.594727,10.000000
100000.000000,11342.497070,17151.269531,293.435089,454.175995,10.000000
100000.000000,10429.460938,13944.109375,270.490479,369.304199,10.000000
100000.000000,16487.763672,18245.169922,426.404480,482.488281,10.000000
100000.000000,11389.704102,14326.396484,295.424347,379.049591,10.000000
100000.000000,272353.562500,233311.859375,7062.893555,6049.032227,10.000000
100000.000000,19754.603516,16414.203125,510.049072,432.325989,10.000000
100000.000000,16183.302734,13434.250977,419.374390,353.389313,10.000000
100000.000000,18919.603516,29981.335938,486.361786,805.531616,10.000000
100000.000000,9142.458008,43332.753906,280.972443,1112.447998,10.000000
100000.000000,20126.898438,34008.761719,512.299011,924.689026,10.000000
100000.000000,14407.502930,23638.212891,372.420258,627.727966,10.000000
100000.000000,16214.416992,19674.548828,418.730743,520.499695,10.000000
100000.000000,13909.941406,20527.175781,359.376068,543.579285,10.000000
100000.000000,12360.901367,15218.446289,320.023804,401.999512,10.000000
100000.000000,16154.347656,16056.199219,417.783417,423.375793,10.000000
100000.000000,14753.486328,23533.335938,381.211121,624.812622,10.000000
100000.000000,11118.350586,16931.193359,287.208527,447.762146,10.000000
100000.000000,12055.596680,12011.960938,313.266846,316.735840,10.000000
100000.000000,16176.894531,13301.422852,419.014709,349.659821,10.000000
100000.000000,-15755.765625,13450.303711,-443.491058,317.909119,10.000000
100000.000000,396.900482,59686.949219,-13.190380,1541.961670,10.000000
100000.000000,13923.260742,24508.648438,360.041290,651.019897,10.000000
100000.000000,11810.605469,20369.724609,304.882568,539.092285,10.000000
100000.000000,21146.830078,18186.652344,544.626526,479.256470,10.000000
100000.000000,17643.005859,18751.683594,455.201050,495.183868,10.000000
100000.000000,10448.686523,16395.357422,269.687378,433.494812,10.000000
100000.000000,11873.664062,17244.529297,306.692169,455.739014,10.000000
100000.000000,9989.088867,37583.000000,261.338531,963.815491,10.000000
100000.000000,11975.938477,13992.641602,310.181000,369.265900,10.000000
100000.000000,20197.599609,24697.132812,518.834229,656.116821,10.000000
100000.000000,12792.775391,12550.627930,331.883972,330.560364,10.000000
100000.000000,10550.042969,13224.761719,273.304260,349.420746,10.000000
100000.000000,19876.025391,28790.718750,509.615631,770.398926,10.000000
100000.000000,10668.616211,12846.268555,276.546936,339.306091,10.000000
100000.000000,12552.742188,19421.580078,324.008484,513.515625,10.000000
100000.000000,16839.183594,22458.126953,434.108551,595.192993,10.000000
100000.000000,18550.826172,25332.453125,477.270477,673.774048,10.000000
100000.000000,14973.914062,17661.816406,386.708160,466.154236,10.000000
100000.000000,-12141.132812,1344.562988,-407.268799,-88.321724,10.000000
100000.000000,14814.081055,18130.107422,382.460724,478.651062,10.000000
100000.000000,14844.204102,22217.425781,383.034973,588.503174,10.000000
100000.000000,17476.613281,44431.531250,751.706726,1572.956665,10.000000
100000.000000,10728.238281,13951.170898,277.496155,368.385651,10.000000
100000.000000,17186.033203,13987.201172,444.142242,367.341553,10.000000
100000.000000,9045.723633,11632.302734,234.548111,307.853668,10.000000
100000.000000,12129.689453,20706.689453,312.912872,547.590759,10.000000
100000.000000,15570.836914,20157.775391,401.605316,532.831177,10.000000
100000.000000,17714.230469,28521.226562,456.239380,762.540405,10.000000
100000.000000,9485.612305,11857.079102,242.833252,309.493683,10.000000
100000.000000,12316.049805,19513.253906,313.635101,508.915558,10.000000
100000.000000,11516.327148,16734.937500,293.419250,436.100586,10.000000
100000.000000,-1095545.250000,51654.062500,-28105.726562,1311.012085,10.000000
100000.000000,-121922.281250,-38419.335938,-3140.539551,-999.187683,10.000000
100000.000000,32475.550781,259672.421875,821.114441,6646.313477,10.000000
100000.000000,2576641.000000,4534747.500000,66056.062500,116262.015625,10.000000
100000.000000,1169.143188,12548.949219,20.007032,314.842163,10.000000
100000.000000,-5996.886230,-5503.517090,-162.515656,-148.522644,10.000000
100000.000000,-955.016052,-2042.454834,-33.633080,-60.606445,10.000000
100000.000000,-11093.915039,-9707.552734,-292.036041,-255.248856,10.000000
100000.000000,44.139908,3035.224365,-8.501476,69.622742,10.000000
100000.000000,-405.512756,22175.966797,-19.076469,563.550537,10.000000
100000.000000,-3898.660156,-3104.218262,-109.085686,-87.414482,10.000000
100000.000000,-3349.139893,6540.897949,-96.338402,160.200943,10.000000
100000.000000,-9383.655273,-9778.653320,-248.455109,-257.252747,10.000000
100000.000000,7246.593750,11462.527344,176.571838,286.914581,10.000000
100000.000000,-6695.738770,2561.051758,-181.642197,58.398018,10.000000
100000.000000,-4671.308594,4105.083496,-129.986450,97.737312,10.000000
100000.000000,-8626.121094,-10459.594727,-229.056702,-274.695374,10.000000
100000.000000,5458.334961,32665.730469,141.731354,840.774475,10.000000
100000.000000,-412.059662,11988.309570,-20.799976,300.315765,10.000000
100000.000000,-3792.020752,4994.192383,-107.509293,120.443810,10.000000
100000.000000,146.641586,4020.207031,-5.934636,94.923401,10.000000
100000.000000,-13417.366211,-8178.525391,-351.293182,-215.955765,10.000000
100000.000000,-4287.192871,169.999817,-119.492363,-3.430687,10.000000
100000.000000,341.046844,12576.698242,-1.276757,315.513275,10.000000
100000.000000,3908.340576,8489.305664,90.732414,209.906433,10.000000
100000.000000,5544.959961,15331.156250,133.139648,387.277161,10.000000
100000.000000,-2354.874023,14379.119141,-71.150864,361.901825,10.000000
100000.000000,-2934.302490,13927.004883,-86.253792,350.237671,10.000000
100000.000000,-2972.291504,11723.078125,-87.158760,293.492798,10.000000
100000.000000,-15166.028320,-14256.507812,-395.147919,-370.784760,10.000000
100000.000000,-2831.685059,11677.304688,-83.466316,292.306458,10.000000
100000.000000,2731.856934,6817.687500,60.507706,166.763458,10.000000
100000.000000,-12435.266602,-7581.716797,-326.407013,-200.817780,10.000000
100000.000000,-1457.890015,6250.023438,-47.461052,152.434952,10.000000
100000.000000,5133.890137,6440.318848,122.425766,156.898666,10.000000
100000.000000,-2286.694580,17120.955078,-69.087761,432.493530,10.000000
100000.000000,-1134.792725,15319.375977,-39.325211,386.150055,10.000000
100000.000000,-5223.113281,-1405.020264,-143.270859,-43.723640,10.000000
100000.000000,-223.267761,10836.644531,-15.843853,270.514008,10.000000
100000.000000,3197.781982,3234.502441,72.795479,74.389038,10.000000
100000.000000,-883.465027,20693.037109,-31.794897,524.896118,10.000000
100000.000000,-3029.538330,7388.308594,-88.164108,181.849442,10.000000
100000.000000,1320.020264,2251.067871,24.503849,49.259850,10.000000
100000.000000,-6088.812012,-7521.297363,-164.604706,-200.062134,10.000000
100000.000000,-2389.559082,11654.622070,-71.954453,291.628845,10.000000
100000.000000,907.978821,13108.154297,13.452532,329.142487,10.000000
100000.000000,-3024.791016,10970.441406,-88.412987,274.031189,10.000000
100000.000000,-8014.787109,-722.154297,-214.806763,-25.786314,10.000000
100000.000000,144.827087,15242.853516,-6.115729,384.222504,10.000000
100000.000000,-13323.455078,-12221.238281,-348.514099,-319.113556,10.000000
100000.000000,4993.372559,13720.195312,118.892418,345.264862,10.000000
100000.000000,-12272.379883,-3099.603027,-322.806946,-86.147354,10.000000
100000.000000,2043.670654,33544.136719,53.391880,858.600830,10.000000
100000.000000,-5104.646973,-7423.731934,-139.434067,-197.695435,10.000000
100000.000000,-2376.360596,20222.847656,-70.671120,512.250061,10.000000
100000.000000,2052.407959,11648.083984,42.994083,291.395416,10.000000
100000.000000,14.079402,8110.354980,-9.582418,200.122665,10.000000
100000.000000,-8939.404297,1920.797241,-238.873169,42.257008,10.000000
100000.000000,2912.397705,19802.421875,66.371262,502.794434,10.000000
100000.000000,1253.661621,35364.886719,34.703423,903.933472,10.000000
100000.000000,4504.312988,22450.666016,108.359009,572.257996,10.000000
100000.000000,-1199.989624,-1423.828003,-39.960079,-44.823967,10.000000
100000.000000,-18377.892578,-18420.384766,-476.409058,-476.479614,10.000000
100000.000000,-1101.954224,17166.535156,-38.127666,433.605316,10.000000
100000.000000,-5883.922852,-4105.157227,-159.822983,-112.829857,10.000000
100000.000000,-6697.291504,1953.683716,-181.623245,42.638226,10.000000
100000.000000,-3508.641113,10007.177734,-100.828766,249.146698,10.000000
100000.000000,-914.859131,3228.640381,-33.119629,74.531754,10.000000
100000.000000,-2694.559814,20804.242188,-78.703522,526.996704,10.000000
100000.000000,6089.658691,20102.388672,148.348999,511.461151,10.000000
100000.000000,-2834.925537,5889.090820,-82.932632,143.103241,10.000000
100000.000000,-174.602829,-1160.707642,-13.582799,-38.202827,10.000000
100000.000000,-8789.908203,-6106.385254,-233.812515,-163.607452,10.000000
100000.000000,-1413.738525,4380.098145,-46.091175,104.157867,10.000000
100000.000000,-4968.877441,11424.451172,-139.096085,285.719208,10.000000
100000.000000,-6661.238281,7992.120605,-182.298447,198.000580,10.000000
100000.000000,-4607.193848,3320.726562,-128.214172,77.346169,10.000000
100000.000000,-9929.322266,-13317.269531,-262.025757,-347.372345,10.000000
100000.000000,-8472.907227,3067.074463,-227.249969,71.608116,10.000000
100000.000000,83.211235,16717.716797,-7.340082,422.134735,10.000000
100000.000000,941.325317,3950.641357,14.691074,92.895355,10.000000
100000.000000,2169.052246,12440.894531,46.149456,311.771576,10.000000
100000.000000,-5919.373535,8632.130859,-163.226181,214.172287,10.000000
100000.000000,-13987.515625,-11633.526367,-365.475586,-304.076019,10.000000
100000.000000,-3130.215576,10274.353516,-90.950745,255.903595,10.000000
100000.000000,1668.955322,13974.216797,33.374138,351.370758,10.000000
100000.000000,-7304.089844,-8170.725098,-195.605194,-216.513214,10.000000
100000.000000,-3233.403564,-3896.439209,-91.876602,-107.842384,10.000000
100000.000000,-3626.414795,5851.930176,-103.277565,142.230362,10.000000
100000.000000,-6219.435059,8151.641602,-170.819901,201.879761,10.000000
100000.000000,-5454.474121,3124.625244,-149.928680,72.438416,10.000000
100000.000000,-1072.757568,20035.718750,-36.527954,507.549316,10.000000
100000.000000,-15684.392578,-12929.362305,-408.462616,-336.934967,10.000000
100000.000000,-9689.355469,-2.058014,-257.649506,-7.086874,10.000000
100000.000000,-15463.440430,-8543.932617,-403.249146,-225.093979,10.000000
100000.000000,-12270.720703,-2786.583008,-322.836273,-78.146591,10.000000
100000.000000,-5470.730469,9882.259766,-151.690659,246.109772,10.000000
100000.000000,-3521.920166,9627.722656,-100.939217,239.274323,10.000000
100000.000000,-1170.831909,14458.874023,-39.936085,363.626251,10.000000
100000.000000,-3087.028076,18773.076172,-89.125992,474.468292,10.000000
