Mass,x_pos,y_pos,x_vel,y_vel,radius
779 
100000.000000,228106.375000,250408.671875,576.005249,636.209778,10.000000
100000.000000,300412.000000,312816.312500,756.795959,793.972534,10.000000
100000.000000,-425988.718750,35993.445312,-1083.838501,86.370705,10.000000
100000.000000,167780.875000,453871.937500,287.533813,953.772766,10.000000
100000.000000,121238.601562,369010.437500,302.502350,925.235107,10.000000
100000.000000,192562.734375,414453.187500,541.364685,955.438110,10.000000
100000.000000,198455.500000,218404.281250,501.548187,554.717651,10.000000
100000.000000,83232.398438,32758.283203,208.523392,77.592842,10.000000
100000.000000,519419.656250,389120.718750,1311.039795,983.530334,10.000000
100000.000000,206412.828125,230083.765625,521.517334,584.454285,10.000000
100000.000000,-248179.203125,808818.000000,-632.486816,2047.503174,10.000000
100000.000000,-260397.687500,199104.906250,-670.489807,496.540833,10.000000
100000.000000,199179.953125,338493.562500,502.109406,863.560303,10.000000
100000.000000,95820.367188,362039.812500,238.889648,911.292175,10.000000
100000.000000,136122.453125,163934.031250,344.385986,416.198212,10.000000
100000.000000,-137345.437500,267213.468750,-355.345367,670.660889,10.000000
100000.000000,142395.156250,166874.250000,360.218719,423.653839,10.000000
100000.000000,229631.437500,375316.937500,575.037292,957.886353,10.000000
100000.000000,765746.312500,659906.687500,1934.893188,1667.601562,10.000000
100000.000000,227857.703125,354560.500000,586.607788,877.168884,10.000000
100000.000000,2200402.750000,2296517.250000,5562.693848,5805.766602,10.000000
100000.000000,2500510.500000,2112222.000000,6321.525391,5339.733398,10.000000
100000.000000,2515768.250000,2166938.750000,6360.082031,5478.114746,10.000000
100000.000000,937994.062500,830402.375000,2370.544189,2098.638184,10.000000
100000.000000,169237.421875,380249.531250,428.138062,941.178345,10.000000
100000.000000,-148299.734375,712301.437500,-402.606903,1821.044678,10.000000
100000.000000,196355.875000,289905.093750,495.716064,737.508301,10.000000
100000.000000,423864.812500,504099.750000,1068.039062,1273.198730,10.000000
100000.000000,227209.578125,370116.500000,569.431641,944.464111,10.000000
100000.000000,172728.687500,457802.781250,595.025635,1351.572388,10.000000
100000.000000,220447.843750,319170.718750,555.433777,812.548706,10.000000
100000.000000,326777.687500,-162269.890625,827.376587,-420.828461,10.000000
100000.000000,48685.394531,368545.218750,121.943726,930.380066,10.000000
100000.000000,-101788.679688,213902.296875,-282.497437,519.257568,10.000000
100000.000000,184942.843750,202456.187500,467.350464,513.943604,10.000000
100000.000000,-96647.484375,385820.781250,-268.977173,968.604980,10.000000
100000.000000,-49793.757812,487384.343750,-145.311020,1233.721924,10.000000
100000.000000,189232.531250,296669.531250,477.804230,754.933899,10.000000
100000.000000,96471.898438,348942.812500,238.018509,874.020264,10.000000
100000.000000,220186.203125,343446.343750,553.836975,875.433105,10.000000
100000.000000,-12194.204102,993057.312500,-42.755451,2539.887451,10.000000
100000.000000,45514.742188,936490.875000,112.092819,2372.625000,10.000000
100000.000000,172833.828125,236483.093750,436.763306,600.668030,10.000000
100000.000000,200542.031250,412655.562500,495.778229,1063.025757,10.000000
100000.000000,184711.375000,331228.750000,466.259460,844.564880,10.000000
100000.000000,116809.265625,163371.203125,295.420074,414.619385,10.000000
100000.000000,148397.265625,206024.406250,375.170105,523.027039,10.000000
100000.000000,116310.679688,180325.640625,294.147919,457.672821,10.000000
100000.000000,107169.484375,146606.921875,271.078674,372.080566,10.000000
100000.000000,168734.984375,191686.812500,426.464264,486.523285,10.000000
100000.000000,117013.515625,150503.468750,295.952637,381.944580,10.000000
100000.000000,2793830.750000,2392807.750000,7062.888672,6049.032227,10.000000
100000.000000,201739.781250,171777.296875,509.698181,435.780457,10.000000
100000.000000,165920.296875,140439.640625,419.437134,356.244812,10.000000
100000.000000,191992.750000,321587.187500,484.414215,819.297241,10.000000
100000.000000,127044.421875,443975.562500,346.041809,1126.060913,10.000000
100000.000000,200625.140625,371709.625000,503.836487,951.007935,10.000000
100000.000000,147591.000000,249608.000000,373.187622,634.072876,10.000000
100000.000000,165739.937500,206827.578125,418.858124,525.015503,10.000000
100000.000000,142385.718750,215986.531250,359.974457,548.324402,10.000000
100000.000000,126753.546875,159652.843750,320.507507,405.112305,10.000000
100000.000000,165331.453125,168211.984375,417.872345,426.791656,10.000000
100000.000000,151042.484375,248452.875000,381.866638,631.124512,10.000000
100000.000000,113866.109375,177792.562500,287.929779,451.179779,10.000000
100000.000000,124004.031250,125834.234375,313.642975,319.261963,10.000000
100000.000000,165784.296875,138967.171875,419.078003,352.487946,10.000000
100000.000000,-173801.515625,127210.148438,-442.547363,318.805298,10.000000
100000.000000,-3130.937744,609110.562500,-9.204394,1538.400269,10.000000
100000.000000,142765.375000,258938.734375,361.074005,657.861633,10.000000
100000.000000,120937.007812,214148.687500,305.836517,543.572815,10.000000
100000.000000,215397.265625,190421.296875,544.007629,483.108459,10.000000
100000.000000,180117.593750,196769.359375,455.083710,499.366699,10.000000
100000.000000,106949.664062,172111.484375,270.436646,436.737274,10.000000
100000.000000,121558.625000,180991.437500,307.350739,459.284546,10.000000
100000.000000,109278.164062,387833.812500,281.785431,985.067688,10.000000
100000.000000,122848.171875,146664.265625,310.642303,372.117798,10.000000
100000.000000,205087.265625,260975.171875,517.689392,663.044617,10.000000
100000.000000,131376.453125,131339.593750,332.222656,333.192383,10.000000
100000.000000,108280.359375,138752.687500,273.844482,352.073853,10.000000
100000.000000,201193.015625,307122.750000,507.488373,781.631592,10.000000
100000.000000,109548.570312,134747.234375,277.059662,341.904358,10.000000
100000.000000,128443.968750,203994.625000,324.748260,517.739990,10.000000
100000.000000,171825.609375,236644.890625,434.133942,600.961243,10.000000
100000.000000,188749.953125,268123.281250,476.622894,681.418640,10.000000
100000.000000,153112.343750,185206.703125,386.985779,469.968384,10.000000
100000.000000,-157381.468750,-29958.820312,-406.755371,-87.562408,10.000000
100000.000000,151447.984375,190175.468750,382.777710,482.598358,10.000000
100000.000000,151937.078125,234251.750000,383.558868,594.066284,10.000000
100000.000000,170409.859375,456968.031250,199.716385,1162.180054,10.000000
100000.000000,110101.359375,146473.093750,278.061127,371.167816,10.000000
100000.000000,175961.578125,146188.109375,444.117798,370.297272,10.000000
100000.000000,93064.000000,122384.804688,235.109924,310.198914,10.000000
100000.000000,124275.656250,217839.734375,313.852448,552.221436,10.000000
100000.000000,159225.250000,212027.234375,401.868011,537.502563,10.000000
100000.000000,180662.640625,304467.531250,455.675446,773.896606,10.000000
100000.000000,96336.687500,123036.296875,243.370972,311.829376,10.000000
100000.000000,124513.570312,202397.984375,314.408813,512.990051,10.000000
100000.000000,116461.210938,173392.250000,294.073242,439.384064,10.000000
100000.000000,-11129341.000000,519682.031250,-28105.726562,1311.012085,10.000000
100000.000000,-1243078.250000,-395111.312500,-3140.466309,-999.138062,10.000000
100000.000000,325615.375000,2632405.750000,821.112549,6646.277832,10.000000
100000.000000,26158634.000000,46040784.000000,66056.062500,116262.015625,10.000000
100000.000000,8582.116211,125495.976562,20.920984,316.697327,10.000000
100000.000000,-63906.089844,-58288.695312,-162.147949,-147.720108,10.000000
100000.000000,-12848.063477,-23383.507812,-33.248325,-59.607719,10.000000
100000.000000,-115253.015625,-100641.929688,-291.705292,-254.608582,10.000000
100000.000000,-2842.993896,28252.517578,-8.002075,70.846504,10.000000
100000.000000,-6630.479980,224127.781250,-17.095446,566.139221,10.000000
100000.000000,-42725.066406,-34043.675781,-108.689926,-86.510170,10.000000
100000.000000,-37543.136719,64105.468750,-95.666679,161.461655,10.000000
100000.000000,-97987.226562,-101421.742188,-248.134247,-256.589783,10.000000
100000.000000,70469.539062,114518.125000,177.201920,289.035797,10.000000
100000.000000,-71375.562500,23705.066406,-181.080505,59.398521,10.000000
100000.000000,-50900.402344,39327.218750,-129.391617,98.852814,10.000000
100000.000000,-90308.273438,-108329.984375,-228.749344,-274.033630,10.000000
100000.000000,57966.542969,334868.656250,148.240051,847.756165,10.000000
100000.000000,-7568.676270,119706.375000,-19.890978,302.025269,10.000000
100000.000000,-41990.109375,48341.500000,-106.892014,121.623428,10.000000
100000.000000,-1815.468018,38284.371094,-5.405948,96.196404,10.000000
100000.000000,-138722.234375,-85088.445312,-350.932068,-215.326050,10.000000
100000.000000,-46805.367188,-760.895142,-119.017433,-2.437232,10.000000
100000.000000,161.482727,125747.500000,-0.343207,317.314758,10.000000
100000.000000,36481.507812,83924.882812,91.345871,211.593811,10.000000
100000.000000,53363.605469,154321.921875,134.111938,389.757141,10.000000
100000.000000,-27429.964844,144089.984375,-70.049515,363.633606,10.000000
100000.000000,-33409.875000,139452.906250,-85.181999,351.898560,10.000000
100000.000000,-33814.078125,116953.148438,-86.232956,295.025391,10.000000
100000.000000,-156149.796875,-146470.203125,-394.861023,-370.257263,10.000000
100000.000000,-32356.498047,116485.757812,-82.544693,293.845490,10.000000
100000.000000,24503.544922,66802.171875,61.083202,168.284897,10.000000
100000.000000,-128854.078125,-79080.304688,-326.039734,-200.163971,10.000000
100000.000000,-18213.425781,61060.550781,-46.825745,153.757935,10.000000
100000.000000,48986.792969,62921.949219,122.921432,158.483795,10.000000
100000.000000,-26556.003906,172089.078125,-67.751900,434.415344,10.000000
100000.000000,-14829.200195,153734.968750,-38.159817,388.045410,10.000000
100000.000000,-56239.085938,-16741.199219,-142.825974,-42.800198,10.000000
100000.000000,-5632.387695,107895.929688,-15.008748,272.157135,10.000000
100000.000000,29317.335938,30183.755859,73.239540,75.715546,10.000000
100000.000000,-11716.495117,208781.859375,-30.043106,527.269531,10.000000
100000.000000,-34295.972656,72696.437500,-87.460884,183.161118,10.000000
100000.000000,10202.365234,20199.033203,24.957844,50.484344,10.000000
100000.000000,-64753.761719,-78719.968750,-164.270584,-199.306473,10.000000
100000.000000,-27806.457031,116228.593750,-71.039032,293.193024,10.000000
100000.000000,5993.933105,131168.328125,14.410324,331.024750,10.000000
100000.000000,-34327.351562,109239.734375,-87.531364,275.519867,10.000000
100000.000000,-84558.335938,-9668.854492,-214.325485,-24.910635,10.000000
100000.000000,-1701.172607,153001.078125,-4.975357,386.221497,10.000000
100000.000000,-137652.968750,-125975.070312,-348.208801,-318.539185,10.000000
100000.000000,47695.769531,137640.953125,119.763283,347.501831,10.000000
100000.000000,-127382.156250,-33637.636719,-322.360443,-85.415184,10.000000
100000.000000,22874.750000,341438.625000,59.413212,863.278320,10.000000
100000.000000,-54785.476562,-77772.218750,-139.106003,-196.922180,10.000000
100000.000000,-27110.962891,203727.078125,-68.996536,514.386047,10.000000
100000.000000,17647.644531,116219.820312,43.826427,293.234161,10.000000
100000.000000,-3202.701416,79993.304688,-8.892775,201.607651,10.000000
100000.000000,-94052.984375,17278.019531,-238.318344,43.174862,10.000000
100000.000000,27074.837891,200129.625000,67.954071,505.604126,10.000000
100000.000000,15625.315430,359309.718750,41.450817,908.158447,10.000000
100000.000000,43771.011719,227787.828125,110.330933,575.786560,10.000000
100000.000000,-15346.987305,-17125.982422,-39.559105,-43.809826,10.000000
100000.000000,-188380.437500,-188389.375000,-476.156616,-476.027466,10.000000
100000.000000,-14319.014648,172567.000000,-36.793495,435.647125,10.000000
100000.000000,-62824.468750,-44137.558594,-159.430222,-111.991989,10.000000
100000.000000,-71375.796875,17466.005859,-181.079803,43.620335,10.000000
100000.000000,-39258.089844,99370.367188,-99.995827,250.559677,10.000000
100000.000000,-12584.611328,30192.130859,-32.599655,75.734215,10.000000
100000.000000,-30276.732422,209573.484375,-76.961143,529.134094,10.000000
100000.000000,59486.792969,203675.781250,149.825409,514.786987,10.000000
100000.000000,-32252.707031,57347.183594,-82.293472,144.355164,10.000000
100000.000000,-4907.312988,-14489.628906,-13.189970,-37.156624,10.000000
100000.000000,-92149.890625,-64295.253906,-233.437393,-162.867203,10.000000
100000.000000,-17701.019531,41930.253906,-45.526165,105.394730,10.000000
100000.000000,-54353.996094,113840.031250,-138.175934,287.118805,10.000000
100000.000000,-71517.859375,79026.750000,-181.541412,199.178970,10.000000
100000.000000,-50211.601562,31255.429688,-127.646385,78.435272,10.000000
100000.000000,-103390.226562,-137152.078125,-261.748077,-346.773071,10.000000
100000.000000,-89427.843750,28915.453125,-226.663834,72.569336,10.000000
100000.000000,-2159.789551,168046.671875,-6.063873,424.256195,10.000000
100000.000000,6337.481445,37497.218750,15.202486,94.190071,10.000000
100000.000000,18904.621094,124308.640625,47.028725,313.683868,10.000000
100000.000000,-63959.792969,85456.882812,-162.444305,215.407211,10.000000
100000.000000,-144369.125000,-120018.898438,-365.160645,-303.502319,10.000000
100000.000000,-35350.140625,102059.585938,-90.107491,257.350098,10.000000
100000.000000,13880.099609,140008.265625,34.376545,353.383057,10.000000
100000.000000,-77037.031250,-85252.101562,-195.273041,-215.790024,10.000000
100000.000000,-35923.007812,-42131.468750,-91.503769,-106.947578,10.000000
100000.000000,-40305.136719,56988.976562,-102.630966,143.450378,10.000000
100000.000000,-66976.765625,80578.609375,-170.058090,203.083160,10.000000
100000.000000,-58810.617188,29297.398438,-149.359802,73.494171,10.000000
100000.000000,-13622.457031,201906.812500,-34.867504,509.837524,10.000000
100000.000000,-161415.312500,-133056.531250,-408.159088,-336.398071,10.000000
100000.000000,-101520.187500,-2280.074219,-257.142639,-6.234878,10.000000
100000.000000,-159317.015625,-88726.640625,-402.888275,-224.499878,10.000000
100000.000000,-127389.312500,-30466.710938,-322.383606,-77.408821,10.000000
100000.000000,-59375.898438,98129.710938,-150.851028,247.416031,10.000000
100000.000000,-39316.667969,95460.921875,-100.126251,240.668457,10.000000
100000.000000,-15104.448242,144814.031250,-38.842159,365.455658,10.000000
100000.000000,-34462.003906,188735.312500,-87.627533,476.421478,10.000000
