Mass,x_pos,y_pos,x_vel,y_vel,radius
832 
100000.000000,244522.375000,268541.312500,575.992432,636.253662,10.000000
100000.000000,321980.031250,335445.312500,756.758667,794.013367,10.000000
100000.000000,-456877.375000,38455.097656,-1083.838501,86.372910,10.000000
100000.000000,177567.765625,482502.031250,367.569458,1031.127319,10.000000
100000.000000,129861.460938,395382.375000,302.605682,925.418884,10.000000
100000.000000,207985.046875,441694.968750,540.930664,956.218506,10.000000
100000.000000,212749.359375,234214.281250,501.543793,554.753906,10.000000
100000.000000,89175.531250,34969.832031,208.525742,77.603783,10.000000
100000.000000,556783.375000,417151.781250,1311.025879,983.533813,10.000000
100000.000000,221275.796875,246741.359375,521.510376,584.493835,10.000000
100000.000000,-266205.062500,867171.750000,-632.481262,2047.496216,10.000000
100000.000000,-279506.937500,213256.046875,-670.482849,496.544830,10.000000
100000.000000,213489.515625,363107.062500,502.074615,863.699097,10.000000
100000.000000,102630.054688,388013.281250,238.980362,911.406677,10.000000
100000.000000,145937.140625,175796.109375,344.389343,416.222137,10.000000
100000.000000,-147472.734375,286328.062500,-355.331787,670.668579,10.000000
100000.000000,152661.390625,178948.718750,360.220459,423.678436,10.000000
100000.000000,246018.156250,402619.156250,574.912598,958.053223,10.000000
100000.000000,820890.250000,707434.000000,1934.886230,1667.601562,10.000000
100000.000000,244574.875000,379561.812500,586.531799,877.301208,10.000000
100000.000000,2358934.000000,2461988.250000,5562.693848,5805.766602,10.000000
100000.000000,2680673.250000,2264397.750000,6321.525391,5339.733398,10.000000
100000.000000,2697028.250000,2323061.750000,6360.082031,5478.114746,10.000000
100000.000000,1005553.312500,890213.187500,2370.544189,2098.638184,10.000000
100000.000000,181439.218750,407078.531250,428.141541,941.542664,10.000000
100000.000000,-159773.656250,764199.937500,-402.597260,1821.037720,10.000000
100000.000000,210483.859375,310925.093750,495.704376,737.581299,10.000000
100000.000000,454303.187500,540386.375000,1068.009155,1273.191772,10.000000
100000.000000,243436.750000,397036.218750,569.321838,944.627502,10.000000
100000.000000,188826.703125,495542.843750,550.687256,1310.070190,10.000000
100000.000000,236277.218750,342329.718750,555.399841,812.640869,10.000000
100000.000000,350357.875000,-174263.093750,827.376587,-420.823242,10.000000
100000.000000,52161.914062,395061.875000,122.019508,930.434509,10.000000
100000.000000,-109839.671875,228701.125000,-282.485718,519.268005,10.000000
100000.000000,198262.140625,217104.062500,467.348724,513.976013,10.000000
100000.000000,-104312.921875,413426.593750,-268.950806,968.611938,10.000000
100000.000000,-53934.507812,522545.250000,-145.269424,1233.714966,10.000000
100000.000000,202849.921875,318186.312500,477.794373,755.014526,10.000000
100000.000000,103256.468750,373853.968750,238.088699,874.122070,10.000000
100000.000000,235969.703125,368398.062500,553.780640,875.558899,10.000000
100000.000000,-13412.704102,1065444.625000,-42.753387,2539.887451,10.000000
100000.000000,48709.414062,1004110.687500,112.094994,2372.611084,10.000000
100000.000000,185281.203125,253602.812500,436.763306,600.711365,10.000000
100000.000000,214665.250000,442960.906250,495.338196,1063.640747,10.000000
100000.000000,197999.500000,355300.812500,466.243713,844.696655,10.000000
100000.000000,125228.789062,175188.109375,295.424011,414.642609,10.000000
100000.000000,159089.656250,220931.171875,375.173584,523.059998,10.000000
100000.000000,124694.093750,193369.734375,294.153137,457.698730,10.000000
100000.000000,114895.210938,157211.593750,271.082458,372.100983,10.000000
100000.000000,180889.343750,205553.156250,426.464264,486.553070,10.000000
100000.000000,125448.179688,161389.250000,295.956116,381.966003,10.000000
100000.000000,2995126.250000,2565204.250000,7062.888672,6049.032227,10.000000
100000.000000,216265.875000,184197.390625,509.694702,435.805756,10.000000
100000.000000,177874.265625,150592.781250,419.437134,356.265717,10.000000
100000.000000,205798.328125,344938.750000,484.395935,819.408447,10.000000
100000.000000,136921.828125,476072.375000,347.072571,1126.340088,10.000000
100000.000000,214983.140625,398816.968750,503.746613,951.253296,10.000000
100000.000000,158226.843750,267679.875000,373.192841,634.120972,10.000000
100000.000000,177676.984375,221791.031250,418.858124,525.048889,10.000000
100000.000000,152644.828125,231614.281250,359.977997,548.360168,10.000000
100000.000000,135887.968750,171198.906250,320.510986,405.135315,10.000000
100000.000000,177240.890625,180375.968750,417.872345,426.816803,10.000000
100000.000000,161925.921875,266440.750000,381.871002,631.172241,10.000000
100000.000000,122072.328125,190651.484375,287.934998,451.205139,10.000000
100000.000000,132942.875000,134933.500000,313.645447,319.280426,10.000000
100000.000000,177727.578125,149013.421875,419.078003,352.508606,10.000000
100000.000000,-186413.703125,136296.296875,-442.540405,318.811890,10.000000
100000.000000,-3392.831787,652954.250000,-9.175374,1538.373169,10.000000
100000.000000,153056.031250,277688.437500,361.080963,657.913818,10.000000
100000.000000,129653.554688,229640.984375,305.843475,543.606201,10.000000
100000.000000,230901.265625,204190.343750,544.004150,483.136688,10.000000
100000.000000,193087.765625,211001.765625,455.081970,499.397705,10.000000
100000.000000,114657.132812,184558.859375,270.441864,436.761322,10.000000
100000.000000,130318.296875,194081.453125,307.355896,459.310822,10.000000
100000.000000,117311.531250,415911.031250,281.953217,985.255066,10.000000
100000.000000,131701.468750,157269.828125,310.645782,372.138855,10.000000
100000.000000,219841.359375,279872.531250,517.678955,663.096863,10.000000
100000.000000,140844.687500,140835.859375,332.224396,333.211792,10.000000
100000.000000,116084.906250,148787.187500,273.847961,352.093567,10.000000
100000.000000,215656.046875,329400.406250,507.469910,781.719971,10.000000
100000.000000,117444.851562,144491.656250,277.063141,341.923523,10.000000
100000.000000,137699.343750,218750.687500,324.753479,517.771729,10.000000
100000.000000,184198.171875,253772.937500,434.133942,601.004578,10.000000
100000.000000,202333.765625,287544.531250,476.617340,681.476990,10.000000
100000.000000,164141.843750,198601.218750,386.987518,469.996552,10.000000
100000.000000,-168973.843750,-32454.279297,-406.751892,-87.557404,10.000000
100000.000000,162357.250000,203929.968750,382.779449,482.627655,10.000000
100000.000000,162676.828125,250886.140625,383.562286,594.107361,10.000000
100000.000000,183057.890625,488419.531250,432.859100,1360.620361,10.000000
100000.000000,117887.109375,156866.187500,278.064545,371.187897,10.000000
100000.000000,188397.078125,156556.859375,444.117798,370.318542,10.000000
100000.000000,99647.062500,131070.632812,235.113876,310.215851,10.000000
100000.000000,133063.625000,233302.421875,313.859283,552.255432,10.000000
100000.000000,170477.750000,227077.796875,401.869720,537.536804,10.000000
100000.000000,193421.468750,326137.968750,455.669250,773.984619,10.000000
100000.000000,103151.187500,131767.765625,243.374725,311.846558,10.000000
100000.000000,133316.953125,216762.140625,314.413940,513.020081,10.000000
100000.000000,124695.398438,185695.406250,294.078369,439.408295,10.000000
100000.000000,-11916309.000000,556390.062500,-28105.726562,1311.012085,10.000000
100000.000000,-1331012.250000,-423086.812500,-3140.466309,-999.138062,10.000000
100000.000000,348606.875000,2818507.750000,821.112549,6646.277832,10.000000
100000.000000,28008202.000000,49296176.000000,66056.062500,116262.015625,10.000000
100000.000000,9168.000977,134363.828125,20.927591,316.710815,10.000000
100000.000000,-68446.109375,-62424.792969,-162.145386,-147.714279,10.000000
100000.000000,-13778.977539,-25052.416016,-33.245567,-59.600487,10.000000
100000.000000,-123420.703125,-107770.992188,-291.703583,-254.603973,10.000000
100000.000000,-3067.000000,30236.351562,-7.998486,70.855392,10.000000
100000.000000,-7108.940430,239980.109375,-17.080938,566.158325,10.000000
100000.000000,-45768.316406,-36465.882812,-108.687080,-86.503624,10.000000
100000.000000,-40221.730469,68626.523438,-95.661812,161.470749,10.000000
100000.000000,-104934.968750,-108606.257812,-248.131683,-256.584656,10.000000
100000.000000,75431.226562,122611.351562,177.206360,289.051300,10.000000
100000.000000,-76445.750000,25368.332031,-181.076340,59.405777,10.000000
100000.000000,-54523.339844,42095.214844,-129.387344,98.860909,10.000000
100000.000000,-96713.273438,-116002.859375,-228.746994,-274.028503,10.000000
100000.000000,62118.000000,358606.656250,148.290634,847.810974,10.000000
100000.000000,-8125.527832,128163.250000,-19.884399,302.037720,10.000000
100000.000000,-44983.046875,51747.082031,-106.887558,121.631981,10.000000
100000.000000,-1966.779297,40977.996094,-5.402148,96.205643,10.000000
100000.000000,-148548.484375,-91117.632812,-350.929321,-215.321548,10.000000
100000.000000,-50137.804688,-829.032898,-119.014008,-2.430031,10.000000
100000.000000,151.971237,134632.343750,-0.336455,317.327850,10.000000
100000.000000,39039.269531,89849.679688,91.350296,211.606079,10.000000
100000.000000,57118.851562,165235.406250,134.118988,389.775208,10.000000
100000.000000,-29391.236328,154271.906250,-70.041504,363.646210,10.000000
100000.000000,-35794.859375,149306.281250,-85.174240,351.910645,10.000000
100000.000000,-36228.496094,125214.023438,-86.226242,295.036530,10.000000
100000.000000,-167206.250000,-156837.203125,-394.859314,-370.253845,10.000000
100000.000000,-34667.625000,124713.601562,-82.538010,293.856689,10.000000
100000.000000,26213.931641,71514.328125,61.087330,168.295944,10.000000
100000.000000,-137983.046875,-84684.679688,-326.036774,-200.159225,10.000000
100000.000000,-19524.474609,65365.910156,-46.821167,153.767609,10.000000
100000.000000,52428.605469,67359.679688,122.924988,158.495316,10.000000
100000.000000,-28452.912109,184252.953125,-67.742188,434.429443,10.000000
100000.000000,-15897.552734,164600.640625,-38.151360,388.059326,10.000000
100000.000000,-60238.164062,-17939.505859,-142.822556,-42.793503,10.000000
100000.000000,-6052.544922,115516.492188,-15.002713,272.169098,10.000000
100000.000000,31368.095703,32303.931641,73.242714,75.725166,10.000000
100000.000000,-12557.517578,223545.734375,-30.030308,527.286621,10.000000
100000.000000,-36744.820312,77825.125000,-87.455818,183.170700,10.000000
100000.000000,10901.235352,21612.722656,24.961102,50.493217,10.000000
100000.000000,-69353.234375,-84300.406250,-164.268021,-199.301025,10.000000
100000.000000,-29795.455078,124438.203125,-71.032387,293.204437,10.000000
100000.000000,6404.731445,140602.718750,14.417370,331.038788,10.000000
100000.000000,-36821.902344,117092.250000,-87.524879,275.530823,10.000000
100000.000000,-90666.687500,-10378.711914,-214.322006,-24.904181,10.000000
100000.000000,-1842.845581,164008.453125,-4.966945,386.236328,10.000000
100000.000000,-147577.203125,-135053.218750,-348.207062,-318.535187,10.000000
100000.000000,51109.097656,147544.875000,119.769669,347.518402,10.000000
100000.000000,-136569.125000,-36071.917969,-322.356964,-85.409775,10.000000
100000.000000,24568.722656,366042.906250,59.460037,863.314819,10.000000
100000.000000,-58749.914062,-83384.492188,-139.103394,-196.916489,10.000000
100000.000000,-29077.179688,218387.421875,-68.984108,514.402100,10.000000
100000.000000,18896.792969,124577.195312,43.832535,293.247742,10.000000
100000.000000,-3456.070557,85739.234375,-8.887719,201.618591,10.000000
100000.000000,-100844.890625,18508.595703,-238.314178,43.181629,10.000000
100000.000000,29011.703125,214539.734375,67.965813,505.625183,10.000000
100000.000000,16807.445312,385193.062500,41.503532,908.191528,10.000000
100000.000000,46915.664062,244198.156250,110.345650,575.813110,10.000000
100000.000000,-16474.373047,-18374.453125,-39.556175,-43.802357,10.000000
100000.000000,-201950.890625,-201956.265625,-476.154877,-476.023987,10.000000
100000.000000,-15367.483398,184983.203125,-36.783630,435.662231,10.000000
100000.000000,-67368.125000,-47329.242188,-159.427536,-111.985817,10.000000
100000.000000,-76536.523438,18709.291016,-181.075775,43.627575,10.000000
100000.000000,-42107.867188,106511.398438,-99.989700,250.570129,10.000000
100000.000000,-13513.644531,32350.687500,-32.595852,75.743088,10.000000
100000.000000,-32469.933594,224654.109375,-76.948204,529.150146,10.000000
100000.000000,63756.988281,218347.609375,149.836304,514.811951,10.000000
100000.000000,-34597.968750,61461.453125,-82.288811,144.364365,10.000000
100000.000000,-5283.184570,-15548.479492,-13.187104,-37.148922,10.000000
100000.000000,-98802.859375,-68936.804688,-233.434784,-162.861786,10.000000
100000.000000,-18998.457031,44934.148438,-45.522030,105.403854,10.000000
100000.000000,-58291.898438,122023.093750,-138.169174,287.129242,10.000000
100000.000000,-76691.671875,84703.562500,-181.535858,199.187668,10.000000
100000.000000,-53849.453125,33490.976562,-127.642235,78.443306,10.000000
100000.000000,-110850.101562,-147035.343750,-261.746338,-346.768555,10.000000
100000.000000,-95887.546875,30983.781250,-226.659485,72.576408,10.000000
100000.000000,-2332.469727,180138.171875,-6.054441,424.272064,10.000000
100000.000000,6770.807617,40181.769531,15.206222,94.199631,10.000000
100000.000000,20245.041016,133248.734375,47.035183,313.698120,10.000000
100000.000000,-68589.335938,91596.078125,-162.438553,215.416321,10.000000
100000.000000,-154776.078125,-128668.648438,-365.158905,-303.498352,10.000000
100000.000000,-37918.101562,109394.281250,-90.101288,257.360718,10.000000
100000.000000,14859.939453,150079.921875,34.383923,353.397949,10.000000
100000.000000,-82602.101562,-91401.937500,-195.270432,-215.784744,10.000000
100000.000000,-38530.757812,-45179.394531,-91.501060,-106.940994,10.000000
100000.000000,-43230.039062,61077.453125,-102.626228,143.459412,10.000000
100000.000000,-71823.351562,86366.656250,-170.052490,203.092117,10.000000
100000.000000,-63067.359375,31392.097656,-149.355484,73.501961,10.000000
100000.000000,-14615.999023,216437.359375,-34.855183,509.854462,10.000000
100000.000000,-173047.765625,-142644.109375,-408.157349,-336.394592,10.000000
100000.000000,-108848.695312,-2457.675049,-257.139160,-6.228596,10.000000
100000.000000,-170798.953125,-95124.890625,-402.885498,-224.495529,10.000000
100000.000000,-136577.109375,-32672.781250,-322.380127,-77.403389,10.000000
100000.000000,-63675.062500,105181.234375,-150.844849,247.425705,10.000000
100000.000000,-42170.195312,102320.070312,-100.120270,240.678726,10.000000
100000.000000,-16211.330078,155229.890625,-38.834087,365.469177,10.000000
100000.000000,-36959.218750,202313.765625,-87.616440,476.436035,10.000000
