Mass,x_pos,y_pos,x_vel,y_vel,radius
927 
100000.000000,268714.093750,295265.187500,575.977051,636.308716,10.000000
100000.000000,353763.062500,368795.093750,756.711548,794.064697,10.000000
100000.000000,-502397.500000,42082.847656,-1083.838501,86.375702,10.000000
100000.000000,193547.031250,526546.437500,389.089630,1061.210693,10.000000
100000.000000,142573.656250,434254.968750,302.734283,925.647705,10.000000
100000.000000,230693.406250,481875.375000,540.451294,957.076477,10.000000
100000.000000,233813.671875,257514.859375,501.538666,554.799011,10.000000
100000.000000,97933.843750,38229.500000,208.528305,77.617432,10.000000
100000.000000,611845.375000,458461.406250,1311.005371,983.538940,10.000000
100000.000000,243178.796875,271291.312500,521.501648,584.542908,10.000000
100000.000000,-292770.062500,953166.750000,-632.476135,2047.486450,10.000000
100000.000000,-307667.937500,234111.156250,-670.472595,496.549957,10.000000
100000.000000,234575.625000,399386.281250,502.030792,863.873291,10.000000
100000.000000,112669.710938,426295.593750,239.093536,911.549500,10.000000
100000.000000,160401.562500,193278.109375,344.391907,416.252167,10.000000
100000.000000,-162396.125000,314496.937500,-355.314880,670.678833,10.000000
100000.000000,167790.578125,196743.890625,360.223022,423.709198,10.000000
100000.000000,270161.031250,442861.968750,574.755737,958.263306,10.000000
100000.000000,902155.000000,777474.250000,1934.875977,1667.601562,10.000000
100000.000000,269207.000000,416411.968750,586.437683,877.464722,10.000000
100000.000000,2598121.500000,2711646.250000,5562.693848,5805.766602,10.000000
100000.000000,2952497.750000,2493996.250000,6321.525391,5339.733398,10.000000
100000.000000,2970508.250000,2558615.750000,6360.082031,5478.114746,10.000000
100000.000000,1107484.875000,980454.062500,2370.544189,2098.638184,10.000000
100000.000000,199849.937500,447575.218750,428.144897,942.000854,10.000000
100000.000000,-177085.187500,842502.937500,-402.584991,1821.027222,10.000000
100000.000000,231798.515625,342643.250000,495.689484,737.674561,10.000000
100000.000000,500227.187500,595132.937500,1067.969238,1273.181274,10.000000
100000.000000,267914.343750,437659.843750,569.180664,944.837524,10.000000
100000.000000,212177.359375,551510.062500,538.122925,1295.921387,10.000000
100000.000000,260158.468750,377275.968750,555.355774,812.759033,10.000000
100000.000000,385935.000000,-192358.031250,827.376587,-420.817200,10.000000
100000.000000,57410.929688,435072.125000,122.116280,930.503784,10.000000
100000.000000,-121986.218750,251030.218750,-282.470917,519.281311,10.000000
100000.000000,218357.921875,239205.875000,467.346100,514.017090,10.000000
100000.000000,-115877.054688,455077.468750,-268.917145,968.622437,10.000000
100000.000000,-60179.902344,575596.437500,-145.216522,1233.704468,10.000000
100000.000000,223394.515625,350654.312500,477.781708,755.117493,10.000000
100000.000000,113496.281250,411444.125000,238.177994,874.251709,10.000000
100000.000000,259780.671875,406050.593750,553.708008,875.720154,10.000000
100000.000000,-15251.041992,1174664.625000,-42.750751,2539.887451,10.000000
100000.000000,53529.445312,1106130.500000,112.097633,2372.601807,10.000000
100000.000000,204061.453125,279434.625000,436.763306,600.766785,10.000000
100000.000000,235951.859375,488715.437500,494.759155,1064.446777,10.000000
100000.000000,218047.500000,391626.562500,466.223724,844.865601,10.000000
100000.000000,137932.296875,193018.359375,295.429260,414.672180,10.000000
100000.000000,175222.718750,243423.671875,375.176422,523.102234,10.000000
100000.000000,137342.812500,213051.484375,294.159454,457.732025,10.000000
100000.000000,126551.796875,173212.578125,271.087708,372.127136,10.000000
100000.000000,199440.734375,226719.140625,426.464264,486.591614,10.000000
100000.000000,138322.515625,178005.375000,295.961426,381.993591,10.000000
100000.000000,3302366.750000,2828335.750000,7062.888672,6049.032227,10.000000
100000.000000,238437.281250,203155.703125,509.691864,435.838348,10.000000
100000.000000,196119.796875,166091.015625,419.437134,356.292694,10.000000
100000.000000,226868.906250,380586.375000,484.372192,819.552490,10.000000
100000.000000,152050.687500,525076.687500,348.454071,1126.717773,10.000000
100000.000000,236893.468750,440203.750000,503.629517,951.572571,10.000000
100000.000000,174460.500000,295265.562500,373.199646,634.183350,10.000000
100000.000000,195896.687500,244631.734375,418.858124,525.092529,10.000000
100000.000000,168303.468750,255469.078125,359.983307,548.405701,10.000000
100000.000000,149829.890625,188822.984375,320.516083,405.164948,10.000000
100000.000000,195418.453125,198943.234375,417.872345,426.849152,10.000000
100000.000000,178537.484375,293898.156250,381.876312,631.234253,10.000000
100000.000000,134597.609375,210279.671875,287.941528,451.237793,10.000000
100000.000000,146586.921875,148822.703125,313.648102,319.304413,10.000000
100000.000000,195956.796875,164348.218750,419.078003,352.535339,10.000000
100000.000000,-205663.812500,150164.640625,-442.532227,318.819855,10.000000
100000.000000,-3791.108643,719873.562500,-9.137889,1538.341309,10.000000
100000.000000,168763.609375,306309.281250,361.090271,657.981567,10.000000
100000.000000,142957.765625,253288.906250,305.851990,543.649780,10.000000
100000.000000,254565.265625,225207.578125,543.998840,483.173309,10.000000
100000.000000,212884.343750,232726.515625,455.079315,499.437622,10.000000
100000.000000,126421.554688,203558.687500,270.449005,436.792450,10.000000
100000.000000,143688.265625,214062.250000,307.361206,459.344879,10.000000
100000.000000,129581.437500,458775.156250,282.170929,985.498474,10.000000
100000.000000,145215.015625,173458.546875,310.650269,372.166016,10.000000
100000.000000,242360.265625,308718.843750,517.668030,663.164612,10.000000
100000.000000,155296.203125,155331.015625,332.227051,333.236847,10.000000
100000.000000,127997.328125,164103.812500,273.853271,352.118774,10.000000
100000.000000,237730.484375,363407.875000,507.445801,781.834412,10.000000
100000.000000,129497.070312,159365.937500,277.068451,341.948364,10.000000
100000.000000,151825.968750,241274.734375,324.760254,517.812073,10.000000
100000.000000,203082.609375,279918.125000,434.133942,601.060608,10.000000
100000.000000,223066.953125,317190.593750,476.609375,681.552124,10.000000
100000.000000,180976.343750,219046.906250,386.990173,470.033142,10.000000
100000.000000,-186667.468750,-36262.921875,-406.746704,-87.550941,10.000000
100000.000000,179008.234375,224925.078125,382.782104,482.665375,10.000000
100000.000000,179361.796875,276730.875000,383.567596,594.161438,10.000000
100000.000000,200624.203125,538791.687500,-201.840149,1088.672119,10.000000
100000.000000,129982.828125,173013.468750,278.069855,371.214386,10.000000
100000.000000,207716.515625,172666.375000,444.117798,370.346558,10.000000
100000.000000,109874.578125,144565.390625,235.119186,310.238251,10.000000
100000.000000,146717.187500,257326.484375,313.867554,552.300293,10.000000
100000.000000,187959.312500,250461.609375,401.872375,537.581787,10.000000
100000.000000,213242.515625,359808.875000,455.661285,774.100891,10.000000
100000.000000,113738.000000,145333.593750,243.379852,311.869080,10.000000
100000.000000,146993.625000,239079.484375,314.421600,513.059814,10.000000
100000.000000,137488.140625,204810.406250,294.083740,439.440155,10.000000
100000.000000,-13138920.000000,613418.562500,-28105.726562,1311.012085,10.000000
100000.000000,-1467624.000000,-466548.750000,-3140.466309,-999.138062,10.000000
100000.000000,384325.812500,3107630.500000,821.112549,6646.277832,10.000000
100000.000000,30881638.000000,54353660.000000,66056.062500,116262.015625,10.000000
100000.000000,10078.546875,148141.093750,20.936287,316.728455,10.000000
100000.000000,-75499.226562,-68850.046875,-162.141754,-147.706680,10.000000
100000.000000,-15225.075195,-27644.820312,-33.241936,-59.590977,10.000000
100000.000000,-136109.515625,-118846.062500,-291.700928,-254.597870,10.000000
100000.000000,-3414.826904,33318.824219,-7.993764,70.867058,10.000000
100000.000000,-7851.527832,264608.562500,-17.061840,566.183472,10.000000
100000.000000,-50496.195312,-40228.585938,-108.683350,-86.495010,10.000000
100000.000000,-44382.859375,75650.789062,-95.655441,161.482803,10.000000
100000.000000,-115728.406250,-119767.406250,-248.128967,-256.578705,10.000000
100000.000000,83139.734375,135185.468750,177.212265,289.071472,10.000000
100000.000000,-84322.648438,27952.697266,-181.071030,59.415325,10.000000
100000.000000,-60151.523438,46395.886719,-129.381760,98.871574,10.000000
100000.000000,-106663.898438,-127923.101562,-228.744339,-274.022583,10.000000
100000.000000,68570.164062,395488.062500,148.357315,847.883301,10.000000
100000.000000,-8990.302734,141302.359375,-19.875750,302.054260,10.000000
100000.000000,-49632.492188,57038.316406,-106.881721,121.643257,10.000000
100000.000000,-2201.659180,45163.226562,-5.397146,96.217812,10.000000
100000.000000,-163814.265625,-100483.851562,-350.926666,-215.315552,10.000000
100000.000000,-55314.808594,-934.524048,-119.009560,-2.420553,10.000000
100000.000000,137.537262,148436.781250,-0.327567,317.345093,10.000000
100000.000000,43013.101562,99054.914062,91.356071,211.622177,10.000000
100000.000000,62953.218750,182191.046875,134.128220,389.799072,10.000000
100000.000000,-32437.798828,170090.953125,-70.030991,363.662933,10.000000
100000.000000,-39499.695312,164614.625000,-85.164009,351.926636,10.000000
100000.000000,-39979.140625,138048.546875,-86.217430,295.051178,10.000000
100000.000000,-184381.953125,-172943.078125,-394.856659,-370.248535,10.000000
100000.000000,-38257.835938,137496.828125,-82.529243,293.871399,10.000000
100000.000000,28871.359375,78835.531250,61.092770,168.310486,10.000000
100000.000000,-152165.406250,-93391.476562,-326.034119,-200.152969,10.000000
100000.000000,-21561.062500,72055.101562,-46.815132,153.780228,10.000000
100000.000000,57775.996094,74254.562500,122.929672,158.510452,10.000000
100000.000000,-31399.408203,203150.984375,-67.729385,434.447906,10.000000
100000.000000,-17556.882812,181481.359375,-38.140217,388.077423,10.000000
100000.000000,-66450.796875,-19800.822266,-142.818573,-42.784698,10.000000
100000.000000,-6704.982910,127356.203125,-14.994773,272.184753,10.000000
100000.000000,34554.226562,35598.246094,73.246918,75.737839,10.000000
100000.000000,-13863.452148,246483.281250,-30.013464,527.309326,10.000000
100000.000000,-40549.023438,85793.312500,-87.449135,183.183258,10.000000
100000.000000,11987.138672,23809.443359,24.965385,50.504898,10.000000
100000.000000,-76498.789062,-92969.820312,-164.265045,-199.293839,10.000000
100000.000000,-32885.164062,137192.937500,-71.023689,293.219360,10.000000
100000.000000,7024.880859,154837.828125,14.426373,331.056427,10.000000
100000.000000,-40585.281250,128940.398438,-87.516556,275.544891,10.000000
100000.000000,-99882.335938,-11449.407227,-214.317551,-24.895931,10.000000
100000.000000,-2056.182861,180617.203125,-4.956194,386.255493,10.000000
100000.000000,-162550.609375,-148750.062500,-348.204437,-318.529938,10.000000
100000.000000,56259.378906,162488.718750,119.777832,347.539703,10.000000
100000.000000,-150429.906250,-39744.386719,-322.352203,-85.402863,10.000000
100000.000000,27126.847656,403166.437500,59.519951,863.361511,10.000000
100000.000000,-64731.281250,-91851.664062,-139.100586,-196.909225,10.000000
100000.000000,-32043.140625,240506.968750,-68.968239,514.423096,10.000000
100000.000000,20781.767578,137186.953125,43.840347,293.265045,10.000000
100000.000000,-3838.098145,94409.109375,-8.881259,201.632629,10.000000
100000.000000,-111092.328125,20365.607422,-238.308929,43.190281,10.000000
100000.000000,31934.570312,236282.218750,67.980820,505.652069,10.000000
100000.000000,18593.613281,424246.156250,41.570972,908.234070,10.000000
100000.000000,51660.945312,268958.843750,110.364456,575.847107,10.000000
100000.000000,-18175.208984,-20257.734375,-39.552437,-43.792805,10.000000
100000.000000,-222425.609375,-222425.609375,-476.152252,-476.018982,10.000000
100000.000000,-16948.894531,203717.156250,-36.771027,435.681702,10.000000
100000.000000,-74223.265625,-52144.453125,-159.423599,-111.977936,10.000000
100000.000000,-84322.882812,20585.488281,-181.070526,43.636833,10.000000
100000.000000,-46407.250000,117286.250000,-99.981865,250.583481,10.000000
100000.000000,-14915.160156,35607.882812,-32.590984,75.754433,10.000000
100000.000000,-35778.335938,247407.828125,-76.931664,529.171143,10.000000
100000.000000,70200.187500,240485.250000,149.850281,514.844238,10.000000
100000.000000,-38136.257812,67669.390625,-82.282799,144.376175,10.000000
100000.000000,-5850.146484,-17145.666016,-13.183440,-37.139072,10.000000
100000.000000,-108840.671875,-75939.757812,-233.431046,-162.854828,10.000000
100000.000000,-20955.783203,49466.781250,-45.516735,105.415504,10.000000
100000.000000,-64232.996094,134370.000000,-138.160553,287.142487,10.000000
100000.000000,-84497.515625,93268.851562,-181.528748,199.198792,10.000000
100000.000000,-59338.000000,36864.277344,-127.636887,78.453575,10.000000
100000.000000,-122105.351562,-161946.328125,-261.743713,-346.763306,10.000000
100000.000000,-105633.765625,34104.812500,-226.654068,72.585495,10.000000
100000.000000,-2592.540527,198382.265625,-6.042385,424.292053,10.000000
100000.000000,7424.782715,44232.644531,15.210997,94.211815,10.000000
100000.000000,22267.738281,146738.296875,47.043434,313.716156,10.000000
100000.000000,-75574.148438,100859.218750,-162.431213,215.427948,10.000000
100000.000000,-170477.796875,-141719.140625,-365.156281,-303.493103,10.000000
100000.000000,-41792.277344,120461.109375,-90.093376,257.374390,10.000000
100000.000000,16338.659180,165276.390625,34.393353,353.417175,10.000000
100000.000000,-90998.523438,-100680.531250,-195.267532,-215.777939,10.000000
100000.000000,-42465.257812,-49777.660156,-91.497581,-106.932556,10.000000
100000.000000,-47642.855469,67246.460938,-102.620140,143.470871,10.000000
100000.000000,-79135.367188,95099.812500,-170.045334,203.103394,10.000000
100000.000000,-69489.507812,34552.878906,-149.350235,73.511902,10.000000
100000.000000,-16114.418945,238361.718750,-34.839424,509.876434,10.000000
100000.000000,-190598.484375,-157109.250000,-408.154724,-336.389343,10.000000
100000.000000,-119905.742188,-2725.324219,-257.133911,-6.220568,10.000000
100000.000000,-188122.578125,-104778.109375,-402.882874,-224.490005,10.000000
100000.000000,-150439.234375,-36000.953125,-322.375153,-77.396431,10.000000
100000.000000,-70161.343750,115820.843750,-150.836884,247.438080,10.000000
100000.000000,-46475.199219,112669.593750,-100.112602,240.691895,10.000000
100000.000000,-17880.964844,170945.234375,-38.823772,365.486420,10.000000
100000.000000,-40726.402344,222800.718750,-87.602249,476.454712,10.000000
