Mass,x_pos,y_pos,x_vel,y_vel,radius
959 
100000.000000,279658.093750,307355.125000,575.970093,636.330383,10.000000
100000.000000,368140.125000,383882.281250,756.692993,794.085266,10.000000
100000.000000,-522989.937500,43723.972656,-1083.838501,86.376862,10.000000
100000.000000,200989.250000,546787.062500,393.924530,1068.847412,10.000000
100000.000000,148326.140625,451843.218750,302.784851,925.737732,10.000000
100000.000000,240960.250000,500062.937500,540.278442,957.384888,10.000000
100000.000000,243342.765625,268056.281250,501.536346,554.817261,10.000000
100000.000000,101895.937500,39704.277344,208.529465,77.622818,10.000000
100000.000000,636754.375000,477149.093750,1310.996094,983.541260,10.000000
100000.000000,253087.296875,282398.000000,521.499329,584.562256,10.000000
100000.000000,-304787.562500,992069.250000,-632.473816,2047.486450,10.000000
100000.000000,-320407.437500,243545.843750,-670.468933,496.552277,10.000000
100000.000000,244114.125000,415800.562500,502.013397,863.942505,10.000000
100000.000000,117212.929688,443615.562500,239.138199,911.605896,10.000000
100000.000000,166945.281250,201186.859375,344.393066,416.263947,10.000000
100000.000000,-169147.062500,327240.000000,-355.307922,670.683472,10.000000
100000.000000,174634.734375,204794.546875,360.224182,423.721375,10.000000
100000.000000,281080.781250,461069.750000,574.693359,958.346741,10.000000
100000.000000,938917.625000,809159.125000,1934.871338,1667.601562,10.000000
100000.000000,280349.125000,433084.406250,586.400940,877.528931,10.000000
100000.000000,2698246.500000,2816154.250000,5562.693848,5805.766602,10.000000
100000.000000,3066284.750000,2590107.250000,6321.525391,5339.733398,10.000000
100000.000000,3084988.250000,2657219.750000,6360.082031,5478.114746,10.000000
100000.000000,1150153.875000,1018229.312500,2370.544189,2098.638184,10.000000
100000.000000,207556.750000,464532.781250,428.145996,942.166443,10.000000
100000.000000,-184331.875000,875280.937500,-402.580597,1821.022827,10.000000
100000.000000,240720.890625,355921.625000,495.683990,737.708740,10.000000
100000.000000,519450.093750,618049.187500,1067.956055,1273.176880,10.000000
100000.000000,278159.093750,454667.687500,569.128906,944.914673,10.000000
100000.000000,221840.187500,574809.000000,535.730896,1293.083008,10.000000
100000.000000,270154.812500,391906.031250,555.340027,812.802185,10.000000
100000.000000,400827.750000,-199932.656250,827.376587,-420.815002,10.000000
100000.000000,59609.351562,451821.125000,122.151680,930.529236,10.000000
100000.000000,-127070.656250,260377.281250,-282.465424,519.285706,10.000000
100000.000000,226770.109375,248458.437500,467.345001,514.032471,10.000000
100000.000000,-120717.429688,472512.718750,-268.904968,968.624878,10.000000
100000.000000,-62793.621094,597803.937500,-145.197250,1233.700073,10.000000
100000.000000,231994.578125,364246.562500,477.777313,755.155457,10.000000
100000.000000,117783.789062,427181.062500,238.210541,874.298950,10.000000
100000.000000,269747.156250,421814.093750,553.681519,875.779358,10.000000
100000.000000,-16020.541992,1220384.625000,-42.749790,2539.887451,10.000000
100000.000000,55547.273438,1148835.500000,112.098679,2372.601807,10.000000
100000.000000,211922.953125,290248.468750,436.763306,600.786804,10.000000
100000.000000,244855.500000,507878.312500,494.542328,1064.747925,10.000000
100000.000000,226439.437500,406834.718750,466.216034,844.927551,10.000000
100000.000000,143250.171875,200482.734375,295.431458,414.683167,10.000000
100000.000000,181976.093750,252839.671875,375.177521,523.117615,10.000000
100000.000000,142637.625000,221290.890625,294.161652,457.744110,10.000000
100000.000000,131431.484375,179910.828125,271.089905,372.136841,10.000000
100000.000000,206903.937500,235234.531250,426.464264,486.605194,10.000000
100000.000000,143501.968750,184690.375000,295.963562,382.003204,10.000000
100000.000000,3425969.250000,2934193.250000,7062.888672,6049.032227,10.000000
100000.000000,247356.812500,210782.968750,509.690796,435.849915,10.000000
100000.000000,203459.953125,172326.250000,419.437134,356.302307,10.000000
100000.000000,235345.468750,394928.937500,484.363647,819.603210,10.000000
100000.000000,158153.187500,544795.562500,348.954742,1126.855713,10.000000
100000.000000,245706.609375,456857.312500,503.587982,951.685608,10.000000
100000.000000,180991.281250,306363.843750,373.201782,634.205078,10.000000
100000.000000,203226.453125,253820.875000,418.858124,525.107483,10.000000
100000.000000,174603.203125,265066.343750,359.985443,548.421875,10.000000
100000.000000,155439.187500,195913.421875,320.517151,405.175507,10.000000
100000.000000,202731.265625,206413.078125,417.872345,426.860626,10.000000
100000.000000,185220.296875,304945.031250,381.878448,631.255798,10.000000
100000.000000,139636.515625,218176.546875,287.943665,451.249390,10.000000
100000.000000,152075.906250,154410.671875,313.649170,319.312958,10.000000
100000.000000,203290.390625,170517.515625,419.078003,352.544922,10.000000
100000.000000,-213408.109375,155743.859375,-442.529022,318.823059,10.000000
100000.000000,-3950.901367,746795.125000,-9.124703,1538.328491,10.000000
100000.000000,175082.750000,317824.281250,361.093475,658.005127,10.000000
100000.000000,148310.031250,262802.937500,305.855194,543.664734,10.000000
100000.000000,264085.250000,233663.359375,543.996704,483.186127,10.000000
100000.000000,220848.484375,241466.671875,455.078247,499.451660,10.000000
100000.000000,131154.484375,211202.703125,270.451141,436.803284,10.000000
100000.000000,149067.328125,222100.765625,307.363342,459.356750,10.000000
100000.000000,134520.140625,476022.093750,282.247742,985.584473,10.000000
100000.000000,150651.500000,179971.500000,310.651337,372.175629,10.000000
100000.000000,251419.250000,320324.625000,517.663757,663.188232,10.000000
100000.000000,161110.031250,161162.890625,332.228119,333.245453,10.000000
100000.000000,132789.765625,170266.000000,273.855408,352.127533,10.000000
100000.000000,246610.640625,377090.468750,507.437256,781.874512,10.000000
100000.000000,134345.671875,165350.093750,277.070343,341.956909,10.000000
100000.000000,157509.093750,250336.453125,324.762390,517.826843,10.000000
100000.000000,210679.796875,290436.718750,434.133942,601.080017,10.000000
100000.000000,231407.343750,329117.937500,476.606750,681.578613,10.000000
100000.000000,187748.843750,227272.453125,386.991241,470.045959,10.000000
100000.000000,-193785.593750,-37795.000000,-406.745636,-87.548668,10.000000
100000.000000,185706.906250,233371.859375,382.783173,482.678650,10.000000
100000.000000,186074.140625,287129.156250,383.568817,594.180664,10.000000
100000.000000,208604.750000,558192.062500,651.692444,1426.814331,10.000000
100000.000000,134848.921875,179509.796875,278.071991,371.223846,10.000000
100000.000000,215488.703125,179147.390625,444.117798,370.356262,10.000000
100000.000000,113989.265625,149994.765625,235.120834,310.245972,10.000000
100000.000000,152210.000000,266991.937500,313.870758,552.315857,10.000000
100000.000000,194992.125000,259869.500000,401.873444,537.597473,10.000000
100000.000000,221216.500000,373356.062500,455.658081,774.142029,10.000000
100000.000000,117997.062500,150791.406250,243.381454,311.876923,10.000000
100000.000000,152496.218750,248058.078125,314.423737,513.073914,10.000000
100000.000000,142634.781250,212500.562500,294.085876,439.451355,10.000000
100000.000000,-13630775.000000,636361.062500,-28105.726562,1311.012085,10.000000
100000.000000,-1522582.750000,-484033.437500,-3140.466309,-999.138062,10.000000
100000.000000,398695.500000,3223944.250000,821.112549,6646.277832,10.000000
100000.000000,32037618.000000,56388280.000000,66056.062500,116262.015625,10.000000
100000.000000,10444.961914,153683.718750,20.939342,316.734863,10.000000
100000.000000,-78336.687500,-71434.851562,-162.140686,-147.704010,10.000000
100000.000000,-15806.797852,-28687.636719,-33.240654,-59.587631,10.000000
100000.000000,-141214.046875,-123301.453125,-291.699860,-254.595734,10.000000
100000.000000,-3554.702637,34559.003906,-7.992104,70.871170,10.000000
100000.000000,-8150.049805,274516.843750,-17.055122,566.192017,10.000000
100000.000000,-52398.089844,-41742.199219,-108.682014,-86.491989,10.000000
100000.000000,-46056.843750,78476.765625,-95.653214,161.487076,10.000000
100000.000000,-120070.593750,-124257.523438,-248.127899,-256.576569,10.000000
100000.000000,86241.062500,140244.125000,177.214401,289.078857,10.000000
100000.000000,-87491.328125,28992.500000,-181.069138,59.418686,10.000000
100000.000000,-62415.722656,48126.199219,-129.379623,98.875328,10.000000
100000.000000,-110667.023438,-132718.468750,-228.743271,-274.020447,10.000000
100000.000000,71166.617188,410326.000000,148.380798,847.908875,10.000000
100000.000000,-9338.099609,146588.453125,-19.872707,302.059845,10.000000
100000.000000,-51502.941406,59167.121094,-106.879616,121.647209,10.000000
100000.000000,-2296.093262,46847.054688,-5.395387,96.222092,10.000000
100000.000000,-169955.671875,-104251.820312,-350.925598,-215.313416,10.000000
100000.000000,-57397.445312,-976.853394,-119.007957,-2.417220,10.000000
100000.000000,131.833252,153990.296875,-0.324441,317.351471,10.000000
100000.000000,44611.890625,102758.351562,91.358139,211.627869,10.000000
100000.000000,65300.515625,189012.765625,134.131424,389.807617,10.000000
100000.000000,-33663.339844,176454.937500,-70.027290,363.668732,10.000000
100000.000000,-40990.066406,170773.531250,-85.160416,351.931976,10.000000
100000.000000,-41487.941406,143212.140625,-86.214325,295.056519,10.000000
100000.000000,-191291.718750,-179422.453125,-394.855591,-370.246399,10.000000
100000.000000,-39702.074219,142639.640625,-82.526154,293.876740,10.000000
100000.000000,29940.500000,81781.000000,61.094685,168.315613,10.000000
100000.000000,-157870.953125,-96894.210938,-326.033051,-200.150833,10.000000
100000.000000,-22380.302734,74746.273438,-46.813019,153.784622,10.000000
100000.000000,59927.265625,77028.585938,122.931274,158.515793,10.000000
100000.000000,-32584.634766,210753.750000,-67.724907,434.454315,10.000000
100000.000000,-18224.300781,188272.953125,-38.136303,388.083832,10.000000
100000.000000,-68950.015625,-20549.525391,-142.816971,-42.781597,10.000000
100000.000000,-6967.365723,132119.484375,-14.991980,272.190094,10.000000
100000.000000,35836.101562,36923.722656,73.248390,75.742279,10.000000
100000.000000,-14388.633789,255711.250000,-30.007538,527.317871,10.000000
100000.000000,-42079.316406,88999.093750,-87.446739,183.187592,10.000000
100000.000000,12424.048828,24693.316406,24.966890,50.509010,10.000000
100000.000000,-79373.437500,-96457.515625,-164.263977,-199.291168,10.000000
100000.000000,-34128.074219,142324.265625,-71.020622,293.224701,10.000000
100000.000000,7277.372070,160631.421875,14.429582,331.062836,10.000000
100000.000000,-42116.804688,133762.625000,-87.513618,275.550232,10.000000
100000.000000,-103632.804688,-11885.058594,-214.315948,-24.892992,10.000000
100000.000000,-2142.881592,187376.578125,-4.952364,386.262054,10.000000
100000.000000,-168644.437500,-154324.359375,-348.203369,-318.527802,10.000000
100000.000000,58355.550781,168570.546875,119.780769,347.547180,10.000000
100000.000000,-156070.921875,-41238.886719,-322.351135,-85.400444,10.000000
100000.000000,28168.640625,418275.500000,59.541313,863.378601,10.000000
100000.000000,-67165.468750,-95297.523438,-139.099518,-196.906555,10.000000
100000.000000,-33250.015625,249509.625000,-68.962570,514.429688,10.000000
100000.000000,21548.998047,142319.328125,43.843121,293.271454,10.000000
100000.000000,-3993.499023,97937.812500,-8.878957,201.637589,10.000000
100000.000000,-115262.796875,21121.458984,-238.307114,43.193367,10.000000
100000.000000,33124.277344,245131.203125,67.986168,505.661682,10.000000
100000.000000,19321.324219,440140.531250,41.595020,908.249023,10.000000
100000.000000,53592.375000,279036.656250,110.371162,575.859741,10.000000
100000.000000,-18867.347656,-21024.078125,-39.551102,-43.789402,10.000000
100000.000000,-230758.343750,-230756.156250,-476.151184,-476.017914,10.000000
100000.000000,-17592.343750,211341.687500,-36.766529,435.688568,10.000000
100000.000000,-77013.148438,-54104.042969,-159.422409,-111.975128,10.000000
100000.000000,-87491.500000,21349.162109,-181.068878,43.640125,10.000000
100000.000000,-48156.902344,121671.507812,-99.979080,250.588287,10.000000
100000.000000,-15485.485352,36933.644531,-32.589249,75.758484,10.000000
100000.000000,-37124.601562,256668.562500,-76.925766,529.177734,10.000000
100000.000000,72822.664062,249495.015625,149.855225,514.855042,10.000000
100000.000000,-39576.179688,70195.953125,-82.280663,144.380447,10.000000
100000.000000,-6080.846191,-17795.564453,-13.182136,-37.135563,10.000000
100000.000000,-112925.828125,-78789.796875,-233.429977,-162.852188,10.000000
100000.000000,-21752.306641,51311.585938,-45.514851,105.419655,10.000000
100000.000000,-66650.750000,139395.234375,-138.157349,287.147003,10.000000
100000.000000,-87674.312500,96754.906250,-181.526077,199.202713,10.000000
100000.000000,-61571.585938,38237.218750,-127.635017,78.457230,10.000000
100000.000000,-126685.976562,-168014.453125,-261.742645,-346.761169,10.000000
100000.000000,-109600.250000,35375.066406,-226.651932,72.588715,10.000000
100000.000000,-2698.242676,205807.390625,-6.038090,424.299500,10.000000
100000.000000,7690.990723,45881.378906,15.212697,94.216171,10.000000
100000.000000,23091.025391,152228.375000,47.046375,313.722565,10.000000
100000.000000,-78416.687500,104629.265625,-162.428543,215.432220,10.000000
100000.000000,-176868.031250,-147030.390625,-365.155212,-303.490967,10.000000
100000.000000,-43368.917969,124965.171875,-90.090546,257.379395,10.000000
100000.000000,16940.566406,171461.171875,34.396713,353.423828,10.000000
100000.000000,-94415.671875,-104456.703125,-195.266464,-215.775467,10.000000
100000.000000,-44066.507812,-51648.929688,-91.496262,-106.929573,10.000000
100000.000000,-49438.656250,69757.164062,-102.618004,143.475052,10.000000
100000.000000,-82111.187500,98654.226562,-170.042664,203.107468,10.000000
100000.000000,-72103.023438,35839.402344,-149.348251,73.515442,10.000000
100000.000000,-16724.062500,247284.531250,-34.833813,509.884003,10.000000
100000.000000,-197741.218750,-162995.812500,-408.153656,-336.387207,10.000000
100000.000000,-124405.570312,-2834.157959,-257.131775,-6.217708,10.000000
100000.000000,-195172.890625,-108706.585938,-402.881805,-224.487869,10.000000
100000.000000,-156080.796875,-37355.390625,-322.374084,-77.393982,10.000000
100000.000000,-72800.929688,120151.000000,-150.834213,247.442383,10.000000
100000.000000,-48227.113281,116881.710938,-100.109909,240.696671,10.000000
100000.000000,-18560.347656,177341.484375,-38.820095,365.492828,10.000000
100000.000000,-42259.414062,231138.921875,-87.597206,476.461121,10.000000
