Mass,x_pos,y_pos,x_vel,y_vel,radius
135 
100000.000000,39109.343750,41972.058594,576.871887,633.078186,10.000000
100000.000000,51979.175781,52616.894531,759.434631,791.059265,10.000000
100000.000000,-70468.789062,7676.438965,-1084.081421,86.204567,10.000000
100000.000000,33499.894531,75710.562500,397.828400,1215.315430,10.000000
100000.000000,22658.964844,66652.484375,292.612976,908.414978,10.000000
100000.000000,36755.460938,74920.304688,471.564178,1159.477783,10.000000
100000.000000,33924.023438,36654.753906,501.844360,552.134338,10.000000
100000.000000,14849.541992,7368.758789,208.355957,76.781403,10.000000
100000.000000,89309.484375,66542.101562,1312.206543,983.311523,10.000000
100000.000000,35320.714844,38597.804688,521.953857,581.649353,10.000000
100000.000000,-40693.742188,137214.140625,-632.876892,2047.833984,10.000000
100000.000000,-40436.882812,36263.617188,-671.031982,496.217865,10.000000
100000.000000,34309.386719,55976.324219,504.288788,854.344177,10.000000
100000.000000,17991.265625,63795.632812,231.475693,902.106506,10.000000
100000.000000,23179.605469,27552.275391,344.179016,414.481293,10.000000
100000.000000,-20715.345703,47283.566406,-356.382050,670.027649,10.000000
100000.000000,24256.554688,28050.638672,360.041809,421.890656,10.000000
100000.000000,40386.835938,61992.253906,582.746826,947.156372,10.000000
100000.000000,131078.500000,112922.031250,1935.251587,1667.720703,10.000000
100000.000000,34924.078125,67773.578125,595.917297,860.506897,10.000000
100000.000000,375827.250000,392222.687500,5562.693848,5805.766602,10.000000
100000.000000,427058.437500,360784.656250,6321.525391,5339.733398,10.000000
100000.000000,429677.000000,370139.125000,6360.082031,5478.114746,10.000000
100000.000000,160453.921875,142049.531250,2370.715576,2098.711182,10.000000
100000.000000,28930.652344,74701.468750,418.362152,848.083618,10.000000
100000.000000,-16186.931641,114953.070312,-403.436493,1821.715332,10.000000
100000.000000,33699.757812,48396.195312,496.480927,732.429321,10.000000
100000.000000,73380.890625,86460.046875,1070.220337,1273.620361,10.000000
100000.000000,39877.539062,61179.156250,576.254089,933.895264,10.000000
100000.000000,29931.947266,74761.414062,485.101776,1175.818359,10.000000
100000.000000,38085.023438,53148.714844,557.703430,806.214966,10.000000
100000.000000,55391.515625,-24209.949219,827.471252,-421.199646,10.000000
100000.000000,9109.992188,63681.046875,116.309303,926.406311,10.000000
100000.000000,-9059.054688,43648.441406,-283.522461,518.347168,10.000000
100000.000000,31642.740234,34059.261719,467.473907,511.637024,10.000000
100000.000000,-8263.926758,68159.804688,-271.290039,968.006592,10.000000
100000.000000,-1882.785400,82686.148438,-148.907928,1234.257568,10.000000
100000.000000,32461.736328,49484.554688,478.429901,749.360779,10.000000
100000.000000,18822.521484,62870.007812,231.878555,865.276367,10.000000
100000.000000,38234.488281,56968.640625,557.475098,867.014526,10.000000
100000.000000,1841.582031,159936.593750,-42.923004,2540.393555,10.000000
100000.000000,8760.004883,158224.531250,111.936775,2373.233643,10.000000
100000.000000,29574.763672,39699.871094,436.784454,597.600037,10.000000
100000.000000,36097.101562,66668.578125,514.960388,1033.402954,10.000000
100000.000000,31699.423828,54906.468750,467.192749,835.785767,10.000000
100000.000000,19934.830078,27502.912109,295.110931,412.961823,10.000000
100000.000000,25358.017578,34651.675781,374.954865,520.677551,10.000000
100000.000000,19858.126953,30350.986328,293.778961,455.821472,10.000000
100000.000000,18278.650391,24676.708984,270.774200,370.613892,10.000000
100000.000000,28854.248047,32270.427734,426.444977,484.390900,10.000000
100000.000000,19961.496094,25342.597656,295.680481,380.415619,10.000000
100000.000000,477176.937500,408734.531250,7062.888672,6049.032227,10.000000
100000.000000,34543.332031,28980.152344,509.892456,433.962128,10.000000
100000.000000,28345.849609,23706.091797,419.412354,354.741913,10.000000
100000.000000,33010.621094,53449.390625,485.562439,811.768188,10.000000
100000.000000,17664.757812,75655.578125,303.387451,1116.271851,10.000000
100000.000000,34927.929688,61016.691406,508.983276,935.920471,10.000000
100000.000000,25214.339844,41893.593750,372.798492,630.682922,10.000000
100000.000000,28358.941406,34805.964844,418.804199,522.623657,10.000000
100000.000000,24337.005859,36329.625000,359.670074,545.804382,10.000000
100000.000000,21645.732422,26901.964844,320.259766,403.467438,10.000000
100000.000000,28271.001953,28362.173828,417.835236,424.989441,10.000000
100000.000000,25814.353516,41703.925781,381.537476,627.753662,10.000000
100000.000000,19453.480469,29944.261719,287.556274,449.370117,10.000000
100000.000000,21143.560547,21218.085938,313.450684,317.930237,10.000000
100000.000000,28329.011719,23464.880859,419.052856,350.999298,10.000000
100000.000000,-28609.031250,22677.214844,-443.035034,318.340851,10.000000
100000.000000,47.479935,104374.125000,-11.293210,1540.261353,10.000000
100000.000000,24373.261719,43443.320312,360.543579,654.197021,10.000000
100000.000000,20660.214844,36039.863281,305.341339,541.190918,10.000000
100000.000000,36936.156250,32116.830078,544.345398,481.079407,10.000000
100000.000000,30843.140625,33146.328125,455.158112,497.156067,10.000000
100000.000000,18275.908203,28993.240234,270.047516,435.020782,10.000000
100000.000000,20773.306641,30489.958984,307.010895,457.407074,10.000000
100000.000000,17730.335938,65694.515625,270.694580,973.159058,10.000000
100000.000000,20975.128906,24724.771484,310.405823,370.611877,10.000000
100000.000000,35235.097656,43780.742188,518.326782,659.354675,10.000000
100000.000000,22420.335938,22158.542969,332.050507,331.804657,10.000000
100000.000000,18480.429688,23379.746094,273.565308,350.672607,10.000000
100000.000000,34639.300781,51221.433594,508.701447,775.551514,10.000000
100000.000000,18692.816406,22707.482422,276.795013,340.532379,10.000000
100000.000000,21955.255859,34347.980469,324.366943,515.497864,10.000000
100000.000000,29428.945312,39765.613281,434.139587,597.892517,10.000000
100000.000000,32387.117188,44933.589844,477.000549,677.330322,10.000000
100000.000000,26190.953125,31211.539062,386.849731,467.950989,10.000000
100000.000000,-23947.396484,-1210.085083,-407.012085,-87.942993,10.000000
100000.000000,25908.269531,32043.310547,382.621033,480.509155,10.000000
100000.000000,25956.841797,39329.160156,383.297577,591.103455,10.000000
100000.000000,29212.855469,78241.875000,349.331085,802.380981,10.000000
100000.000000,18780.396484,24657.181641,277.768921,369.697357,10.000000
100000.000000,30066.093750,24664.482422,444.137665,368.741089,10.000000
100000.000000,15852.341797,20579.308594,234.818420,308.960175,10.000000
100000.000000,21212.072266,36624.468750,313.365417,549.758057,10.000000
100000.000000,27219.839844,35648.007812,401.742889,535.024597,10.000000
100000.000000,30941.933594,50724.609375,456.039276,767.729797,10.000000
100000.000000,16410.726562,20696.128906,243.088181,310.578339,10.000000
100000.000000,21260.955078,34049.363281,314.002838,510.796478,10.000000
100000.000000,19884.093750,29189.712891,293.730011,437.621124,10.000000
100000.000000,-1896559.125000,89018.007812,-28105.726562,1311.012085,10.000000
100000.000000,-211426.906250,-66895.742188,-3140.497559,-999.162415,10.000000
100000.000000,55877.242188,449092.343750,821.112549,6646.282715,10.000000
100000.000000,4459237.000000,7848214.500000,66056.062500,116262.015625,10.000000
100000.000000,1746.646973,21536.689453,20.434757,315.706238,10.000000
100000.000000,-10625.632812,-9730.016602,-162.343170,-148.147690,10.000000
100000.000000,-1910.469727,-3761.772949,-33.452316,-60.139778,10.000000
100000.000000,-19414.296875,-16977.041016,-291.881256,-254.949661,10.000000
100000.000000,-194.146072,5029.226074,-8.267016,70.194199,10.000000
100000.000000,-933.490845,38257.593750,-18.155544,564.750183,10.000000
100000.000000,-7004.430664,-5588.318848,-108.899956,-86.991943,10.000000
100000.000000,-6089.414062,11116.664062,-96.023849,160.789261,10.000000
100000.000000,-16462.050781,-17105.070312,-248.304581,-256.942932,10.000000
100000.000000,12283.961914,19656.453125,176.868362,287.902985,10.000000
100000.000000,-11868.048828,4233.366699,-181.379166,58.865120,10.000000
100000.000000,-8371.163086,6899.482422,-129.707825,98.258011,10.000000
100000.000000,-15151.777344,-18283.134766,-228.912521,-274.386078,10.000000
100000.000000,9547.543945,56680.937500,144.672836,843.912537,10.000000
100000.000000,-997.599365,20560.890625,-20.374746,301.112183,10.000000
100000.000000,-6851.097168,8436.235352,-107.220169,120.994354,10.000000
100000.000000,-18.256243,6735.666992,-5.686511,95.517731,10.000000
100000.000000,-23426.339844,-14328.249023,-351.124115,-215.661667,10.000000
100000.000000,-7688.921387,80.144600,-119.269707,-2.966691,10.000000
100000.000000,312.115265,21583.138672,-0.840042,316.352356,10.000000
100000.000000,6499.138672,14485.065430,91.020576,210.693436,10.000000
100000.000000,9347.217773,26388.212891,133.595169,388.430023,10.000000
100000.000000,-4373.895996,24707.070312,-70.636497,362.708344,10.000000
100000.000000,-5383.993164,23921.976562,-85.753204,351.011353,10.000000
100000.000000,-5448.929688,20099.808594,-86.725990,294.207214,10.000000
100000.000000,-26425.449219,-24819.667969,-395.013428,-370.538361,10.000000
100000.000000,-5203.119629,20020.275391,-83.035477,293.023865,10.000000
100000.000000,4460.944824,11582.560547,60.777962,167.473404,10.000000
100000.000000,-21734.931641,-13299.806641,-326.235077,-200.512375,10.000000
100000.000000,-2805.445801,10604.953125,-47.163338,153.052338,10.000000
100000.000000,8627.012695,10924.558594,122.659065,157.638474,10.000000
100000.000000,-4245.063965,29462.271484,-68.464645,433.387512,10.000000
100000.000000,-2246.274414,26339.695312,-38.781040,387.032166,10.000000
100000.000000,-9302.770508,-2643.781494,-143.062195,-43.292294,10.000000
100000.000000,-668.143921,18559.355469,-15.452998,271.279663,10.000000
100000.000000,5276.023926,5365.162598,73.004341,75.008507,10.000000
100000.000000,-1775.715820,35671.351562,-30.979601,525.997437,10.000000
100000.000000,-5536.593262,12581.458984,-87.834923,182.461380,10.000000
100000.000000,2022.025513,3664.734863,24.717157,49.831722,10.000000
100000.000000,-10777.367188,-13217.045898,-164.447922,-199.709030,10.000000
100000.000000,-4432.955078,19978.486328,-71.526482,292.357941,10.000000
100000.000000,1299.024292,22503.656250,13.900529,330.018829,10.000000
100000.000000,-5537.523926,18792.169922,-88.000793,274.725281,10.000000
100000.000000,-14132.933594,-1450.085571,-214.581345,-25.377390,10.000000
100000.000000,-20.380983,26209.056641,-5.583098,385.152557,10.000000
100000.000000,-23253.667969,-21311.400391,-348.371063,-318.845184,10.000000
100000.000000,8388.775391,23577.994141,119.300560,346.305786,10.000000
100000.000000,-21468.810547,-5548.967773,-322.597778,-85.805519,10.000000
100000.000000,3611.861572,58050.292969,56.132397,860.723694,10.000000
100000.000000,-9075.886719,-13051.883789,-139.280106,-197.334030,10.000000
100000.000000,-4377.189453,34838.894531,-69.891365,513.242371,10.000000
100000.000000,3284.395996,19967.460938,43.383892,292.251862,10.000000
100000.000000,-253.500824,13825.670898,-9.259287,200.815231,10.000000
100000.000000,-15742.857422,3132.435059,-238.613480,42.685490,10.000000
100000.000000,4816.555664,34154.250000,67.108635,504.096680,10.000000
100000.000000,2294.700195,61159.472656,37.767342,905.848022,10.000000
100000.000000,7608.159668,38787.765625,109.275154,573.887878,10.000000
100000.000000,-2335.635254,-2693.223877,-39.771820,-44.350189,10.000000
100000.000000,-31953.523438,-31996.455078,-476.290527,-476.268311,10.000000
100000.000000,-2177.975098,29540.468750,-37.505371,434.554626,10.000000
100000.000000,-10435.733398,-7314.129883,-159.638885,-112.438423,10.000000
100000.000000,-11869.209961,3176.698242,-181.368820,43.096760,10.000000
100000.000000,-6375.611816,17119.101562,-100.439285,249.805588,10.000000
100000.000000,-1854.602295,5362.373047,-32.875736,75.093109,10.000000
100000.000000,-4923.777832,35840.578125,-77.892509,527.989624,10.000000
100000.000000,10329.354492,34705.257812,149.037567,513.000732,10.000000
100000.000000,-5193.394531,9977.505859,-82.633316,143.687485,10.000000
100000.000000,-558.559509,-2241.145264,-13.398273,-37.714054,10.000000
100000.000000,-15450.566406,-10763.293945,-233.636749,-163.261688,10.000000
100000.000000,-2722.812744,7358.448730,-45.826302,104.735214,10.000000
100000.000000,-8925.780273,19578.585938,-138.666229,286.371887,10.000000
100000.000000,-11850.702148,13644.525391,-181.944580,198.550461,10.000000
100000.000000,-8256.754883,5533.768555,-127.948227,77.854576,10.000000
100000.000000,-17394.828125,-23212.605469,-261.895447,-347.092346,10.000000
100000.000000,-14944.849609,5115.562500,-226.975784,72.056824,10.000000
100000.000000,-115.820435,28765.375000,-6.744599,423.121124,10.000000
100000.000000,1364.121826,6608.473633,14.931113,93.499786,10.000000
100000.000000,3491.339355,21341.572266,46.561035,312.662140,10.000000
100000.000000,-10565.084961,14745.874023,-162.860718,214.748428,10.000000
100000.000000,-24401.054688,-20295.117188,-365.328217,-303.807983,10.000000
100000.000000,-5715.582031,17579.117188,-90.556458,256.577972,10.000000
100000.000000,2628.118896,24004.255859,33.842842,352.307159,10.000000
100000.000000,-12876.179688,-14335.585938,-195.449417,-216.175308,10.000000
100000.000000,-5848.896973,-6962.810547,-91.701630,-107.424255,10.000000
100000.000000,-6564.655273,9915.208984,-102.974846,142.799713,10.000000
100000.000000,-11081.720703,13914.794922,-170.463715,202.441238,10.000000
100000.000000,-9722.891602,5197.530762,-149.662308,72.931290,10.000000
100000.000000,-2100.620117,34518.984375,-35.754917,508.611633,10.000000
100000.000000,-27323.150391,-22527.722656,-408.320587,-336.684265,10.000000
100000.000000,-17028.318359,-197.244995,-257.412231,-6.689080,10.000000
100000.000000,-26953.150391,-14954.376953,-403.080261,-224.816513,10.000000
100000.000000,-21467.935547,-5007.881836,-322.624268,-77.802147,10.000000
100000.000000,-9787.219727,16906.785156,-151.298325,246.719101,10.000000
100000.000000,-6392.197754,16458.134766,-100.559052,239.924438,10.000000
100000.000000,-2300.291260,24836.746094,-39.425205,364.477905,10.000000
100000.000000,-5615.208008,32310.908203,-88.427757,475.376556,10.000000
