Mass,x_pos,y_pos,x_vel,y_vel,radius
147 
100000.000000,42570.304688,45771.546875,576.789734,633.383240,10.000000
100000.000000,56534.937500,57364.191406,759.180298,791.343323,10.000000
100000.000000,-76973.203125,8193.721680,-1084.057617,86.221222,10.000000
100000.000000,35815.535156,83037.078125,375.130066,1226.064331,10.000000
100000.000000,24418.988281,72110.054688,293.901459,910.518433,10.000000
100000.000000,39561.867188,81886.015625,464.540558,1162.156982,10.000000
100000.000000,36935.000000,39968.398438,501.817078,552.386353,10.000000
100000.000000,16099.735352,7829.720703,208.372971,76.863205,10.000000
100000.000000,97182.343750,72442.039062,1312.091309,983.333069,10.000000
100000.000000,38452.304688,42088.601562,521.913086,581.922729,10.000000
100000.000000,-44490.871094,149501.031250,-632.837830,2047.801025,10.000000
100000.000000,-44462.886719,39241.031250,-670.975952,496.251160,10.000000
100000.000000,37334.488281,61105.230469,504.099457,855.197144,10.000000
100000.000000,19382.890625,69211.632812,232.302780,903.112915,10.000000
100000.000000,25244.750000,30039.724609,344.200073,414.649139,10.000000
100000.000000,-22853.283203,51303.949219,-356.275330,670.092529,10.000000
100000.000000,26416.867188,30582.558594,360.059937,422.062958,10.000000
100000.000000,43881.078125,67678.437500,582.072144,948.131775,10.000000
100000.000000,142689.890625,122928.320312,1935.216187,1667.708374,10.000000
100000.000000,38494.515625,72945.937500,594.431519,863.241455,10.000000
100000.000000,409203.375000,427057.187500,5562.693848,5805.766602,10.000000
100000.000000,464987.437500,392823.156250,6321.525391,5339.733398,10.000000
100000.000000,467837.375000,403007.875000,6360.082031,5478.114746,10.000000
100000.000000,174678.156250,154641.828125,2370.697266,2098.702393,10.000000
100000.000000,31461.027344,79901.609375,423.603058,878.479980,10.000000
100000.000000,-18607.230469,125883.101562,-403.341187,1821.638062,10.000000
100000.000000,36678.414062,52792.386719,496.412262,732.915405,10.000000
100000.000000,79801.507812,94101.625000,1070.007202,1273.578491,10.000000
100000.000000,43333.074219,66785.734375,575.655518,934.859497,10.000000
100000.000000,32817.437500,81977.429688,476.220184,1226.436401,10.000000
100000.000000,41430.550781,57988.003906,557.495483,806.816223,10.000000
100000.000000,60356.308594,-26737.019531,827.461670,-421.161896,10.000000
100000.000000,9809.758789,69240.789062,116.881577,926.803284,10.000000
100000.000000,-10759.787109,46758.882812,-283.402985,518.452942,10.000000
100000.000000,34447.546875,37129.835938,467.463135,511.862183,10.000000
100000.000000,-9890.759766,73968.078125,-271.020294,968.075806,10.000000
100000.000000,-2774.840088,90091.476562,-148.492706,1234.194092,10.000000
100000.000000,35332.136719,53982.488281,478.375458,749.891602,10.000000
100000.000000,20216.228516,68065.078125,232.603806,866.290222,10.000000
100000.000000,41578.253906,62173.347656,557.148621,867.799438,10.000000
100000.000000,1584.105225,175178.765625,-42.904724,2540.339355,10.000000
100000.000000,9431.676758,172463.734375,111.952499,2373.173096,10.000000
100000.000000,32195.474609,43286.464844,436.784302,597.897461,10.000000
100000.000000,39182.484375,72876.492188,513.636475,1035.663818,10.000000
100000.000000,34502.328125,59923.890625,467.116760,836.599304,10.000000
100000.000000,21705.599609,29981.222656,295.141815,413.123566,10.000000
100000.000000,27607.818359,37776.503906,374.977081,520.906128,10.000000
100000.000000,21620.923828,33086.515625,293.815796,456.001801,10.000000
100000.000000,19903.398438,26900.867188,270.804596,370.757080,10.000000
100000.000000,31412.927734,35177.468750,426.448212,484.598969,10.000000
100000.000000,21735.669922,27625.591797,295.707794,380.564941,10.000000
100000.000000,519554.187500,445028.906250,7062.888672,6049.032227,10.000000
100000.000000,37602.625000,31584.515625,509.874390,434.140320,10.000000
100000.000000,30862.333984,25835.037109,419.415710,354.889191,10.000000
100000.000000,35923.660156,58322.347656,485.463440,812.473999,10.000000
100000.000000,19494.824219,82355.093750,306.330048,1116.836182,10.000000
100000.000000,37980.437500,66636.632812,508.562866,937.247314,10.000000
100000.000000,27451.263672,45678.781250,372.838165,631.009705,10.000000
100000.000000,30871.787109,37942.484375,418.810852,522.856506,10.000000
100000.000000,26495.128906,39605.265625,359.700958,546.049011,10.000000
100000.000000,23567.373047,29323.304688,320.284851,403.628021,10.000000
100000.000000,30778.029297,30912.695312,417.839935,425.165649,10.000000
100000.000000,28103.691406,45471.535156,381.571350,628.078796,10.000000
100000.000000,21178.941406,32641.070312,287.593506,449.546356,10.000000
100000.000000,23024.330078,23126.103516,313.470123,318.060547,10.000000
100000.000000,30843.339844,25571.357422,419.056213,351.145203,10.000000
100000.000000,-31267.076172,24587.406250,-442.986298,318.387146,10.000000
100000.000000,-19.595240,113615.109375,-11.088058,1540.078003,10.000000
100000.000000,26536.703125,47369.671875,360.596863,654.549438,10.000000
100000.000000,22492.429688,39287.777344,305.390533,541.421936,10.000000
100000.000000,40202.117188,35003.972656,544.313538,481.278076,10.000000
100000.000000,33574.070312,36129.980469,455.152130,497.371796,10.000000
100000.000000,19896.322266,31603.921875,270.086212,435.187988,10.000000
100000.000000,22615.484375,33235.015625,307.044891,457.589874,10.000000
100000.000000,19357.958984,71537.039062,271.732300,974.231873,10.000000
100000.000000,22837.646484,26948.927734,310.429596,370.759064,10.000000
100000.000000,38344.859375,47738.062500,518.267822,659.711609,10.000000
100000.000000,24412.697266,24149.822266,332.067993,331.940491,10.000000
100000.000000,20121.914062,25484.238281,273.593140,350.809479,10.000000
100000.000000,37691.148438,55876.664062,508.592499,776.128662,10.000000
100000.000000,20353.673828,24751.121094,276.821564,340.666443,10.000000
100000.000000,23901.585938,37441.695312,324.405121,515.715698,10.000000
100000.000000,32033.789062,43353.953125,434.140930,598.189819,10.000000
100000.000000,35249.011719,48998.890625,476.967316,677.724121,10.000000
100000.000000,28512.099609,34019.898438,386.864105,468.147736,10.000000
100000.000000,-26389.378906,-1737.612793,-406.985687,-87.903931,10.000000
100000.000000,28204.050781,34927.042969,382.637421,480.712708,10.000000
100000.000000,28256.716797,42876.730469,383.324646,591.390015,10.000000
100000.000000,32369.945312,85547.765625,187.825958,1176.224854,10.000000
100000.000000,20447.107422,26875.845703,277.798096,369.840820,10.000000
100000.000000,32730.914062,26877.437500,444.136230,368.893585,10.000000
100000.000000,17261.347656,22433.474609,234.847412,309.081177,10.000000
100000.000000,23092.427734,39923.808594,313.413879,549.996826,10.000000
100000.000000,29630.341797,38858.960938,401.756500,535.265442,10.000000
100000.000000,33678.074219,55332.929688,456.010803,768.313171,10.000000
100000.000000,17869.349609,22560.003906,243.116333,310.700500,10.000000
100000.000000,23145.107422,37114.851562,314.043396,511.009460,10.000000
100000.000000,21646.587891,31816.013672,293.764252,437.792816,10.000000
100000.000000,-2065193.625000,96884.101562,-28105.726562,1311.012085,10.000000
100000.000000,-230269.906250,-72890.679688,-3140.491943,-999.159485,10.000000
100000.000000,60803.898438,488969.937500,821.112549,6646.277832,10.000000
100000.000000,4855573.000000,8545787.000000,66056.062500,116262.015625,10.000000
100000.000000,1869.415039,23431.253906,20.482588,315.803223,10.000000
100000.000000,-11599.627930,-10618.762695,-162.323914,-148.105698,10.000000
100000.000000,-2111.116455,-4122.437500,-33.432175,-60.087521,10.000000
100000.000000,-21165.527344,-18506.628906,-291.863983,-254.916153,10.000000
100000.000000,-243.660980,5450.604492,-8.240874,70.258232,10.000000
100000.000000,-1042.078613,41646.546875,-18.051920,564.885559,10.000000
100000.000000,-7657.761230,-6110.112793,-108.879242,-86.944626,10.000000
100000.000000,-6665.440430,12081.619141,-95.988693,160.855209,10.000000
100000.000000,-17951.822266,-18646.615234,-248.287781,-256.908234,10.000000
100000.000000,13345.282227,21384.242188,176.901352,288.013916,10.000000
100000.000000,-12956.225586,4586.731445,-181.349762,58.917465,10.000000
100000.000000,-9149.305664,7489.224609,-129.676697,98.316376,10.000000
100000.000000,-16525.197266,-19929.333984,-228.896423,-274.351471,10.000000
100000.000000,10416.709961,61745.621094,145.011963,844.275757,10.000000
100000.000000,-1119.689087,22367.865234,-20.327175,301.201599,10.000000
100000.000000,-7494.310547,9162.408203,-107.187866,121.056061,10.000000
100000.000000,-52.283024,7308.994629,-5.658839,95.584335,10.000000
100000.000000,-25533.019531,-15622.109375,-351.105225,-215.628738,10.000000
100000.000000,-8404.456055,62.517765,-119.244858,-2.914715,10.000000
100000.000000,307.237946,23481.570312,-0.791185,316.446564,10.000000
100000.000000,7045.369141,15749.520508,91.052696,210.781723,10.000000
100000.000000,10148.958984,28719.226562,133.646057,388.559723,10.000000
100000.000000,-4797.522461,26883.621094,-70.578873,362.798920,10.000000
100000.000000,-5898.325195,26028.333984,-85.697121,351.098206,10.000000
100000.000000,-5969.124512,21865.320312,-86.677551,294.287384,10.000000
100000.000000,-28795.478516,-27042.806641,-394.998413,-370.510712,10.000000
100000.000000,-5701.172363,21778.689453,-82.987244,293.104340,10.000000
100000.000000,4825.712891,12587.666992,60.808083,167.553009,10.000000
100000.000000,-23692.277344,-14502.767578,-326.215820,-200.478149,10.000000
100000.000000,-3088.314697,11523.496094,-47.130081,153.121536,10.000000
100000.000000,9363.054688,11870.665039,122.685013,157.721420,10.000000
100000.000000,-4655.618652,32062.933594,-68.394737,433.488037,10.000000
100000.000000,-2478.757080,28662.222656,-38.720055,387.131256,10.000000
100000.000000,-10161.069336,-2903.374268,-143.038895,-43.243980,10.000000
100000.000000,-760.716248,20187.320312,-15.409292,271.365601,10.000000
100000.000000,5714.128418,5815.445312,73.027603,75.077911,10.000000
100000.000000,-1961.287842,38827.753906,-30.887953,526.121521,10.000000
100000.000000,-6063.479492,13676.457031,-87.798119,182.529984,10.000000
100000.000000,2170.407715,3963.938965,24.740923,49.895782,10.000000
100000.000000,-11763.996094,-14415.167969,-164.430435,-199.669510,10.000000
100000.000000,-4861.954590,21732.908203,-71.478577,292.439728,10.000000
100000.000000,1382.594604,24484.097656,13.950656,330.117249,10.000000
100000.000000,-6065.374512,20440.781250,-87.954651,274.803162,10.000000
100000.000000,-15420.337891,-1602.197144,-214.556168,-25.331575,10.000000
100000.000000,-53.680592,28520.320312,-5.523422,385.257080,10.000000
100000.000000,-25343.843750,-23224.371094,-348.355133,-318.815155,10.000000
100000.000000,9104.730469,25656.218750,119.346146,346.422791,10.000000
100000.000000,-23404.316406,-6063.673340,-322.574402,-85.767204,10.000000
100000.000000,3949.702393,63215.445312,56.446484,860.967468,10.000000
100000.000000,-9911.510742,-14235.753906,-139.262939,-197.293579,10.000000
100000.000000,-4796.246094,37918.718750,-69.803764,513.354004,10.000000
100000.000000,3544.844727,21721.289062,43.427460,292.348083,10.000000
100000.000000,-308.936188,15030.821289,-9.223193,200.892914,10.000000
100000.000000,-17174.443359,3388.708008,-238.584442,42.733513,10.000000
100000.000000,5219.482910,37179.320312,67.191444,504.243561,10.000000
100000.000000,2522.476318,66595.289062,38.119137,906.068054,10.000000
100000.000000,8264.155273,42231.710938,109.378296,574.072327,10.000000
100000.000000,-2574.196289,-2959.148438,-39.750832,-44.297127,10.000000
100000.000000,-34811.218750,-34853.988281,-476.277344,-476.244629,10.000000
100000.000000,-2402.774414,32148.150391,-37.435555,434.661377,10.000000
100000.000000,-11393.498047,-7988.614746,-159.618332,-112.394585,10.000000
100000.000000,-12957.328125,3435.449951,-181.340363,43.148140,10.000000
100000.000000,-6978.102539,18618.183594,-100.395683,249.879532,10.000000
100000.000000,-2051.766113,5813.142090,-32.848522,75.156021,10.000000
100000.000000,-5390.829102,39008.886719,-77.801346,528.101318,10.000000
100000.000000,11223.838867,37783.843750,149.114807,513.174683,10.000000
100000.000000,-5689.082520,10839.849609,-82.599869,143.753006,10.000000
100000.000000,-638.880554,-2467.247314,-13.377711,-37.659321,10.000000
100000.000000,-16852.320312,-11742.734375,-233.617126,-163.222931,10.000000
100000.000000,-2997.672119,7987.076172,-45.796734,104.799942,10.000000
100000.000000,-9757.615234,21297.064453,-138.618088,286.445099,10.000000
100000.000000,-12942.236328,14836.033203,-181.904953,198.612106,10.000000
100000.000000,-9024.344727,6001.086426,-127.918510,77.911575,10.000000
100000.000000,-18966.154297,-25295.054688,-261.880890,-347.060974,10.000000
100000.000000,-16306.601562,5548.071289,-226.945129,72.107101,10.000000
100000.000000,-156.065384,31304.470703,-6.677820,423.232056,10.000000
100000.000000,1453.797729,7169.697754,14.957883,93.567520,10.000000
100000.000000,3770.858887,23217.878906,46.607048,312.762238,10.000000
100000.000000,-11542.113281,16034.580078,-162.819778,214.813034,10.000000
100000.000000,-26592.968750,-22117.863281,-365.311707,-303.777954,10.000000
100000.000000,-6258.774414,19118.835938,-90.512314,256.653656,10.000000
100000.000000,2831.350830,26118.447266,33.895306,352.412415,10.000000
100000.000000,-14048.818359,-15632.510742,-195.432022,-216.137466,10.000000
100000.000000,-6399.041504,-7607.199707,-91.682121,-107.377434,10.000000
100000.000000,-7182.391113,10772.218750,-102.941017,142.863525,10.000000
100000.000000,-12104.370117,15129.652344,-170.423843,202.504211,10.000000
100000.000000,-10620.765625,5635.302734,-149.632523,72.986511,10.000000
100000.000000,-2314.859863,37571.054688,-35.668049,508.731262,10.000000
100000.000000,-29773.021484,-24547.736328,-408.304688,-336.656189,10.000000
100000.000000,-18572.703125,-237.230881,-257.385681,-6.644506,10.000000
100000.000000,-29371.568359,-16303.171875,-403.061371,-224.785431,10.000000
100000.000000,-23403.603516,-5474.565918,-322.600555,-77.763550,10.000000
100000.000000,-10694.864258,18387.328125,-151.254379,246.787445,10.000000
100000.000000,-6995.410645,17897.921875,-100.516495,239.997345,10.000000
100000.000000,-2536.651855,27023.933594,-39.367962,364.573547,10.000000
100000.000000,-6145.514160,35163.507812,-88.349358,475.478668,10.000000
