Mass,x_pos,y_pos,x_vel,y_vel,radius
152 
100000.000000,44012.230469,47355.179688,576.759155,633.496216,10.000000
100000.000000,58432.746094,59342.707031,759.085999,791.448547,10.000000
100000.000000,-79683.328125,8409.284180,-1084.048828,86.227371,10.000000
100000.000000,36736.828125,86109.226562,363.933990,1230.737427,10.000000
100000.000000,25154.429688,74387.484375,294.353577,911.262451,10.000000
100000.000000,40718.949219,84792.984375,461.701324,1163.199707,10.000000
100000.000000,38189.527344,41349.503906,501.806885,552.479736,10.000000
100000.000000,16620.677734,8021.924805,208.379227,76.893364,10.000000
100000.000000,100462.507812,74900.390625,1312.048584,983.341064,10.000000
100000.000000,39757.062500,43543.562500,521.897888,582.024048,10.000000
100000.000000,-46072.941406,154620.500000,-632.823425,2047.788818,10.000000
100000.000000,-46140.292969,40481.675781,-670.955444,496.263367,10.000000
100000.000000,38594.628906,63243.707031,504.028198,855.515259,10.000000
100000.000000,19964.099609,71469.968750,232.602188,903.478394,10.000000
100000.000000,26105.261719,31076.441406,344.207794,414.711304,10.000000
100000.000000,-23743.908203,52979.214844,-356.236115,670.116333,10.000000
100000.000000,27317.027344,31637.810547,360.066589,422.126801,10.000000
100000.000000,45335.878906,70049.320312,581.818787,948.496216,10.000000
100000.000000,147527.937500,127097.578125,1935.203125,1667.703857,10.000000
100000.000000,39979.839844,75105.437500,593.933899,864.150818,10.000000
100000.000000,423110.093750,441571.562500,5562.693848,5805.766602,10.000000
100000.000000,480791.187500,406172.531250,6321.525391,5339.733398,10.000000
100000.000000,483737.531250,416703.187500,6360.082031,5478.114746,10.000000
100000.000000,180604.875000,159888.546875,2370.690430,2098.698730,10.000000
100000.000000,32521.546875,82109.132812,424.563019,885.781372,10.000000
100000.000000,-19615.533203,130437.148438,-403.306793,1821.610229,10.000000
100000.000000,37919.402344,54624.949219,496.386475,733.095886,10.000000
100000.000000,82476.390625,97285.546875,1069.928223,1273.562988,10.000000
100000.000000,44771.871094,69123.429688,575.430786,935.219543,10.000000
100000.000000,33998.605469,85079.148438,469.657196,1250.552734,10.000000
100000.000000,42824.164062,60005.382812,557.417786,807.039795,10.000000
100000.000000,62424.960938,-27789.904297,827.458130,-421.147980,10.000000
100000.000000,10102.281250,71558.015625,117.092171,926.949707,10.000000
100000.000000,-11468.229492,48055.074219,-283.359985,518.491089,10.000000
100000.000000,35616.199219,38409.621094,467.459076,511.945557,10.000000
100000.000000,-10568.163086,76388.304688,-270.923187,968.100708,10.000000
100000.000000,-3145.844971,93176.929688,-148.343033,1234.171265,10.000000
100000.000000,36528.042969,55857.507812,478.354889,750.088867,10.000000
100000.000000,20798.130859,70231.351562,232.863785,866.654785,10.000000
100000.000000,42970.941406,64343.289062,557.026367,868.091858,10.000000
100000.000000,1476.853516,181529.578125,-42.898067,2540.319580,10.000000
100000.000000,9711.566406,178396.625000,111.958298,2373.150635,10.000000
100000.000000,33287.433594,44781.375000,436.784149,598.007751,10.000000
100000.000000,40465.804688,75466.953125,513.128235,1036.522095,10.000000
100000.000000,35670.074219,62015.851562,467.087891,836.902588,10.000000
100000.000000,22443.470703,31014.123047,295.153259,413.183472,10.000000
100000.000000,28545.273438,39078.898438,374.985229,520.990845,10.000000
100000.000000,22355.484375,34226.621094,293.829407,456.068665,10.000000
100000.000000,20580.427734,27827.839844,270.815735,370.810150,10.000000
100000.000000,32479.050781,36389.089844,426.449341,484.676086,10.000000
100000.000000,22474.955078,28577.087891,295.717865,380.620239,10.000000
100000.000000,537211.375000,460151.562500,7062.888672,6049.032227,10.000000
100000.000000,38877.300781,32669.966797,509.867645,434.206299,10.000000
100000.000000,31910.876953,26722.343750,419.416931,354.943726,10.000000
100000.000000,37137.257812,60353.929688,485.426117,812.736816,10.000000
100000.000000,20262.347656,85147.515625,307.455933,1117.056396,10.000000
100000.000000,39251.609375,68980.500000,508.403656,937.744812,10.000000
100000.000000,28383.380859,47256.492188,372.852753,631.130981,10.000000
100000.000000,31918.818359,39249.757812,418.813232,522.942749,10.000000
100000.000000,27394.398438,40970.527344,359.712341,546.139709,10.000000
100000.000000,24368.097656,30332.464844,320.294067,403.687531,10.000000
100000.000000,31822.628906,31975.708984,417.841614,425.230896,10.000000
100000.000000,29057.638672,47041.914062,381.583832,628.199463,10.000000
100000.000000,21897.945312,33765.035156,287.607269,449.611664,10.000000
100000.000000,23808.015625,23921.328125,313.477295,318.108795,10.000000
100000.000000,31890.984375,26449.302734,419.057434,351.199249,10.000000
100000.000000,-32374.517578,25383.400391,-442.968323,318.404205,10.000000
100000.000000,-47.200470,117465.195312,-11.012126,1540.010132,10.000000
100000.000000,27438.226562,49006.246094,360.616547,654.680298,10.000000
100000.000000,23255.935547,40641.460938,305.408752,541.507568,10.000000
100000.000000,41562.886719,36207.277344,544.301697,481.351624,10.000000
100000.000000,34711.941406,37373.535156,455.149841,497.451752,10.000000
100000.000000,20571.560547,32691.986328,270.100494,435.249969,10.000000
100000.000000,23383.115234,34379.089844,307.057434,457.657654,10.000000
100000.000000,20037.873047,73973.210938,272.118042,974.632751,10.000000
100000.000000,23613.732422,27875.908203,310.438385,370.813568,10.000000
100000.000000,39640.496094,49387.542969,518.245850,659.843994,10.000000
100000.000000,25242.876953,24979.750000,332.074432,331.990753,10.000000
100000.000000,20805.910156,26361.339844,273.603424,350.860199,10.000000
100000.000000,38962.574219,57817.312500,508.551697,776.343201,10.000000
100000.000000,21045.742188,25602.861328,276.831329,340.716095,10.000000
100000.000000,24712.619141,38731.109375,324.419220,515.796509,10.000000
100000.000000,33119.140625,44849.593750,434.141327,598.300049,10.000000
100000.000000,36441.410156,50693.421875,476.954803,677.870178,10.000000
100000.000000,29479.267578,35190.378906,386.869415,468.220612,10.000000
100000.000000,-27406.828125,-1957.350830,-406.975952,-87.889572,10.000000
100000.000000,29160.652344,36128.937500,382.643433,480.788147,10.000000
100000.000000,29215.044922,44355.367188,383.334564,591.496338,10.000000
100000.000000,32967.234375,87720.023438,438.959656,591.692688,10.000000
100000.000000,21141.619141,27800.529297,277.808868,369.893982,10.000000
100000.000000,33841.246094,27799.757812,444.135773,368.950043,10.000000
100000.000000,17848.484375,23206.244141,234.858124,309.126038,10.000000
100000.000000,23875.992188,41298.933594,313.431793,550.085388,10.000000
100000.000000,30634.740234,40197.257812,401.761505,535.354675,10.000000
100000.000000,34818.085938,57254.039062,455.999878,768.530151,10.000000
100000.000000,18477.154297,23336.824219,243.126724,310.745819,10.000000
100000.000000,23930.238281,38392.488281,314.058350,511.088409,10.000000
100000.000000,22381.017578,32910.593750,293.776917,437.856415,10.000000
100000.000000,-2135457.750000,100161.640625,-28105.726562,1311.012085,10.000000
100000.000000,-238121.156250,-75388.570312,-3140.490723,-999.158508,10.000000
100000.000000,62856.671875,505585.562500,821.112549,6646.277832,10.000000
100000.000000,5020713.000000,8836442.000000,66056.062500,116262.015625,10.000000
100000.000000,1920.648315,24220.816406,20.500290,315.839142,10.000000
100000.000000,-12005.426758,-10989.002930,-162.316788,-148.090164,10.000000
100000.000000,-2194.685791,-4272.627930,-33.424728,-60.068184,10.000000
100000.000000,-21895.179688,-19143.900391,-291.857605,-254.903763,10.000000
100000.000000,-264.248535,5626.285645,-8.231205,70.281937,10.000000
100000.000000,-1087.150269,43058.839844,-18.013538,564.935669,10.000000
100000.000000,-7929.947754,-6327.447754,-108.871574,-86.927116,10.000000
100000.000000,-6905.392578,12483.792969,-95.975685,160.879639,10.000000
100000.000000,-18572.531250,-19288.867188,-248.281570,-256.895416,10.000000
100000.000000,13787.554688,22104.339844,176.913559,288.054993,10.000000
100000.000000,-13409.584961,4734.054688,-181.338882,58.936840,10.000000
100000.000000,-9473.480469,7735.048340,-129.665176,98.337982,10.000000
100000.000000,-17097.429688,-20615.193359,-228.890472,-274.338654,10.000000
100000.000000,10779.429688,63856.515625,145.138016,844.410950,10.000000
100000.000000,-1170.480347,23120.917969,-20.309570,301.234711,10.000000
100000.000000,-7762.262207,9465.082031,-107.175911,121.078911,10.000000
100000.000000,-66.414627,7547.993652,-5.648602,95.608994,10.000000
100000.000000,-26410.771484,-16161.163086,-351.098236,-215.616531,10.000000
100000.000000,-8702.554688,55.260098,-119.235657,-2.895473,10.000000
100000.000000,305.287323,24272.740234,-0.773103,316.481506,10.000000
100000.000000,7273.018555,16276.524414,91.064575,210.814407,10.000000
100000.000000,10483.103516,29690.699219,133.664871,388.607788,10.000000
100000.000000,-4973.937012,27790.667969,-70.557533,362.832489,10.000000
100000.000000,-6112.536621,26906.126953,-85.676361,351.130371,10.000000
100000.000000,-6185.791016,22601.083984,-86.659615,294.317078,10.000000
100000.000000,-29782.964844,-27969.068359,-394.992889,-370.500488,10.000000
100000.000000,-5908.613281,22511.494141,-82.969383,293.134155,10.000000
100000.000000,4977.750000,13006.592773,60.819225,167.582474,10.000000
100000.000000,-24507.806641,-15003.943359,-326.208710,-200.465485,10.000000
100000.000000,-3206.121094,11906.338867,-47.117779,153.147156,10.000000
100000.000000,9669.783203,12265.015625,122.694603,157.752121,10.000000
100000.000000,-4826.566406,33146.710938,-68.368858,433.525299,10.000000
100000.000000,-2575.522949,29630.105469,-38.697483,387.167969,10.000000
100000.000000,-10518.653320,-3011.457031,-143.030289,-43.226097,10.000000
100000.000000,-799.214966,20865.783203,-15.393119,271.397430,10.000000
100000.000000,5896.710449,6003.179199,73.036194,75.103600,10.000000
100000.000000,-2038.456421,40143.125000,-30.854013,526.167603,10.000000
100000.000000,-6282.954102,14132.820312,-87.784492,182.555389,10.000000
100000.000000,2232.273193,4088.714355,24.749712,49.919502,10.000000
100000.000000,-12175.062500,-14914.319336,-164.423950,-199.654877,10.000000
100000.000000,-5040.624023,22464.052734,-71.460838,292.470032,10.000000
100000.000000,1417.499268,25309.447266,13.969207,330.153717,10.000000
100000.000000,-6285.234863,21127.833984,-87.937561,274.831970,10.000000
100000.000000,-15956.714844,-1665.500488,-214.546844,-25.314613,10.000000
100000.000000,-67.455719,29483.523438,-5.501331,385.295807,10.000000
100000.000000,-26214.722656,-24021.392578,-348.349213,-318.804016,10.000000
100000.000000,9403.121094,26522.341797,119.363007,346.466156,10.000000
100000.000000,-24210.740234,-6278.070312,-322.565765,-85.753014,10.000000
100000.000000,4090.995117,65368.000000,56.563148,861.058105,10.000000
100000.000000,-10259.658203,-14728.965820,-139.256592,-197.278595,10.000000
100000.000000,-4970.706543,39202.167969,-69.771324,513.395386,10.000000
100000.000000,3653.437744,22452.212891,43.443581,292.383667,10.000000
100000.000000,-331.973999,15533.096680,-9.209837,200.921677,10.000000
100000.000000,-17770.886719,3495.568848,-238.573685,42.751289,10.000000
100000.000000,5387.507324,38440.011719,67.222107,504.297974,10.000000
100000.000000,2617.972168,68860.585938,38.249851,906.149841,10.000000
100000.000000,8537.659180,43666.996094,109.416496,574.140686,10.000000
100000.000000,-2673.561523,-3069.861328,-39.743069,-44.277481,10.000000
100000.000000,-36001.902344,-36044.585938,-476.272430,-476.235870,10.000000
100000.000000,-2496.323975,33234.863281,-37.409706,434.700928,10.000000
100000.000000,-11792.532227,-8269.577148,-159.610733,-112.378357,10.000000
100000.000000,-13410.663086,3543.348877,-181.329834,43.167160,10.000000
100000.000000,-7229.067383,19242.923828,-100.379555,249.906891,10.000000
100000.000000,-2133.872070,6001.067383,-32.838451,75.179306,10.000000
100000.000000,-5585.281250,40329.199219,-77.767578,528.142700,10.000000
100000.000000,11596.669922,39066.878906,149.143417,513.239136,10.000000
100000.000000,-5895.563965,11199.269531,-82.587494,143.777252,10.000000
100000.000000,-672.313293,-2561.364990,-13.370106,-37.639061,10.000000
100000.000000,-17436.351562,-12150.770508,-233.609863,-163.208603,10.000000
100000.000000,-3112.147461,8249.112305,-45.785797,104.823898,10.000000
100000.000000,-10104.133789,22013.218750,-138.600266,286.472198,10.000000
100000.000000,-13396.976562,15332.598633,-181.890289,198.634918,10.000000
100000.000000,-9344.125000,6195.897461,-127.907516,77.932671,10.000000
100000.000000,-19620.847656,-26162.689453,-261.875519,-347.049377,10.000000
100000.000000,-16873.947266,5728.367188,-226.933762,72.125710,10.000000
100000.000000,-172.722504,32362.615234,-6.653097,423.273163,10.000000
100000.000000,1491.207397,7403.654785,14.967786,93.592598,10.000000
100000.000000,3887.401855,23999.841797,46.624081,312.799286,10.000000
100000.000000,-11949.139648,16571.648438,-162.804642,214.836945,10.000000
100000.000000,-27506.238281,-22877.291016,-365.305634,-303.766815,10.000000
100000.000000,-6485.030273,19760.513672,-90.495979,256.681702,10.000000
100000.000000,2916.118652,26999.541016,33.914719,352.451385,10.000000
100000.000000,-14537.389648,-16172.833008,-195.425598,-216.123444,10.000000
100000.000000,-6628.235840,-7875.617188,-91.674904,-107.360107,10.000000
100000.000000,-7439.724609,11129.413086,-102.928490,142.887177,10.000000
100000.000000,-12530.406250,15635.948242,-170.409088,202.527512,10.000000
100000.000000,-10994.830078,5817.799805,-149.621521,73.006958,10.000000
100000.000000,-2403.981201,38842.949219,-35.635880,508.775574,10.000000
100000.000000,-30793.773438,-25389.359375,-408.298828,-336.645813,10.000000
100000.000000,-19216.152344,-253.817169,-257.375885,-6.628005,10.000000
100000.000000,-30379.210938,-16865.117188,-403.054382,-224.773911,10.000000
100000.000000,-24210.091797,-5668.953125,-322.591797,-77.749260,10.000000
100000.000000,-11072.976562,19004.335938,-151.238113,246.812759,10.000000
100000.000000,-7246.678223,18497.957031,-100.500748,240.024353,10.000000
100000.000000,-2635.039795,27935.421875,-39.346767,364.608948,10.000000
100000.000000,-6366.344238,36352.257812,-88.320328,475.516510,10.000000
