Mass,x_pos,y_pos,x_vel,y_vel,radius
194 
100000.000000,56121.894531,60666.968750,576.562500,634.217407,10.000000
100000.000000,74366.546875,75970.937500,758.482056,792.119873,10.000000
100000.000000,-102447.718750,10220.511719,-1083.993286,86.266273,10.000000
100000.000000,41786.695312,111818.492188,-142.189545,675.767883,10.000000
100000.000000,31366.912109,93575.648438,296.966461,915.625549,10.000000
100000.000000,50168.292969,109304.351562,439.050690,1170.710815,10.000000
100000.000000,48726.707031,52958.484375,501.740631,553.075317,10.000000
100000.000000,20997.101562,9638.903320,208.418747,77.083961,10.000000
100000.000000,128012.398438,95551.140625,1311.778442,983.391907,10.000000
100000.000000,50715.781250,55773.550781,521.799438,582.670410,10.000000
100000.000000,-59361.179688,197623.171875,-632.732361,2047.711792,10.000000
100000.000000,-60228.851562,50904.101562,-670.826416,496.340118,10.000000
100000.000000,49173.828125,81233.265625,503.558777,857.572388,10.000000
100000.000000,24870.181641,90469.289062,234.430695,905.723694,10.000000
100000.000000,33334.195312,39789.976562,344.256653,415.107635,10.000000
100000.000000,-31222.001953,67053.406250,-355.989868,670.266357,10.000000
100000.000000,34878.914062,40507.187500,360.108459,422.533844,10.000000
100000.000000,57534.933594,89995.007812,580.156128,950.861755,10.000000
100000.000000,188166.218750,162119.046875,1935.119873,1667.674927,10.000000
100000.000000,52420.199219,93311.031250,591.270325,868.961914,10.000000
100000.000000,539926.687500,563492.312500,5562.693848,5805.766602,10.000000
100000.000000,613542.687500,518307.281250,6321.525391,5339.733398,10.000000
100000.000000,617299.750000,531743.812500,6360.082031,5478.114746,10.000000
100000.000000,230388.890625,203960.984375,2370.647461,2098.677246,10.000000
100000.000000,41473.894531,101068.539062,427.148285,913.233887,10.000000
100000.000000,-28082.525391,168688.984375,-403.098297,1821.441162,10.000000
100000.000000,48341.589844,70033.375000,496.218079,734.253601,10.000000
100000.000000,104939.054688,124029.234375,1069.424927,1273.464722,10.000000
100000.000000,56838.949219,88790.015625,573.957031,937.555237,10.000000
100000.000000,41055.691406,110332.882812,436.504883,995.343079,10.000000
100000.000000,54524.125000,76969.820312,556.913391,808.476074,10.000000
100000.000000,79801.312500,-36632.992188,827.435974,-421.060272,10.000000
100000.000000,12576.643555,91034.734375,118.418564,927.877258,10.000000
100000.000000,-17415.736328,58946.097656,-283.100555,518.721497,10.000000
100000.000000,45432.531250,49166.648438,467.432220,512.477600,10.000000
100000.000000,-16250.663086,96720.195312,-270.337677,968.251709,10.000000
100000.000000,-6250.403809,119092.921875,-147.437225,1234.034424,10.000000
100000.000000,46571.937500,71624.039062,478.219421,751.355530,10.000000
100000.000000,25706.632812,88456.960938,234.422226,868.854919,10.000000
100000.000000,54659.289062,82595.054688,556.228333,869.979553,10.000000
100000.000000,576.474243,234874.875000,-42.857029,2540.198242,10.000000
100000.000000,12063.116211,228231.140625,111.994926,2373.009033,10.000000
100000.000000,42459.839844,57347.710938,436.781799,598.712402,10.000000
100000.000000,51201.699219,97299.921875,509.622131,1042.298584,10.000000
100000.000000,45476.691406,79613.492188,466.893616,838.864319,10.000000
100000.000000,28642.527344,39695.421875,295.225494,413.565765,10.000000
100000.000000,36420.562500,50025.980469,375.036469,521.531677,10.000000
100000.000000,28526.904297,43808.996094,293.915497,456.495331,10.000000
100000.000000,26268.384766,35618.781250,270.886749,371.148712,10.000000
100000.000000,41434.562500,46572.980469,426.455750,485.167847,10.000000
100000.000000,28685.773438,36574.214844,295.781555,380.973145,10.000000
100000.000000,685531.750000,587181.250000,7062.888672,6049.032227,10.000000
100000.000000,49584.015625,41793.179688,509.823914,434.626740,10.000000
100000.000000,40718.726562,34180.195312,419.423981,355.291321,10.000000
100000.000000,47328.371094,77441.000000,485.179382,814.431213,10.000000
100000.000000,26806.724609,108623.406250,315.184418,1118.634399,10.000000
100000.000000,49915.898438,88710.640625,507.339691,941.001587,10.000000
100000.000000,36214.359375,60519.238281,372.944702,631.907471,10.000000
100000.000000,40714.074219,50237.945312,418.827484,523.493774,10.000000
100000.000000,34949.191406,52446.175781,359.784119,546.719299,10.000000
100000.000000,31094.949219,38814.312500,320.352264,404.066986,10.000000
100000.000000,40597.425781,40910.386719,417.851654,425.646973,10.000000
100000.000000,37071.812500,60243.054688,381.661987,628.971619,10.000000
100000.000000,27938.710938,43211.714844,287.694397,450.028656,10.000000
100000.000000,30391.564453,30605.177734,313.522430,318.416412,10.000000
100000.000000,40691.285156,33828.468750,419.064606,351.543427,10.000000
100000.000000,-41675.527344,32071.146484,-442.854401,318.512573,10.000000
100000.000000,-272.846375,149800.421875,-10.528587,1539.578613,10.000000
100000.000000,35012.621094,62764.238281,360.740875,655.518127,10.000000
100000.000000,29670.861328,52019.457031,305.524139,542.054932,10.000000
100000.000000,52992.335938,46321.093750,544.225342,481.820404,10.000000
100000.000000,44269.910156,47825.933594,455.134308,497.961548,10.000000
100000.000000,26244.718750,41836.832031,270.191132,435.645599,10.000000
100000.000000,29832.248047,43994.910156,307.136932,458.090363,10.000000
100000.000000,25781.062500,94470.539062,274.600189,977.240662,10.000000
100000.000000,30133.587891,35667.023438,310.493927,371.161163,10.000000
100000.000000,50522.007812,63254.078125,518.103271,660.690674,10.000000
100000.000000,32216.910156,31955.279297,332.114929,332.311462,10.000000
100000.000000,26552.337891,33733.160156,273.668640,351.183624,10.000000
100000.000000,49639.097656,74136.460938,508.285065,777.722229,10.000000
100000.000000,26859.919922,32761.576172,276.893219,341.032867,10.000000
100000.000000,31526.460938,49568.812500,324.508484,516.312195,10.000000
100000.000000,42236.093750,57422.058594,434.142426,599.004700,10.000000
100000.000000,46456.519531,64939.539062,476.872620,678.805725,10.000000
100000.000000,37603.902344,45028.406250,386.902222,468.685791,10.000000
100000.000000,-35952.609375,-3801.981201,-406.914978,-87.799286,10.000000
100000.000000,37196.601562,46231.062500,382.681030,481.269623,10.000000
100000.000000,37265.800781,56784.667969,383.396942,592.176208,10.000000
100000.000000,42839.429688,111964.937500,324.799896,1415.920166,10.000000
100000.000000,26976.400391,35572.230469,277.877045,370.233124,10.000000
100000.000000,43168.035156,35551.882812,444.131927,369.309753,10.000000
100000.000000,22781.292969,29701.205078,234.926132,309.411865,10.000000
100000.000000,30459.378906,52857.281250,313.545441,550.651123,10.000000
100000.000000,39072.085938,51446.308594,401.792206,535.924744,10.000000
100000.000000,44393.230469,73409.320312,455.925537,769.925598,10.000000
100000.000000,23583.578125,29865.835938,243.192688,311.034424,10.000000
100000.000000,30526.562500,49131.179688,314.153198,511.592865,10.000000
100000.000000,28551.261719,42110.300781,293.857178,438.262634,10.000000
100000.000000,-2725673.250000,127692.968750,-28105.726562,1311.012085,10.000000
100000.000000,-304071.656250,-96370.851562,-3140.480469,-999.151978,10.000000
100000.000000,80099.968750,645156.812500,821.112549,6646.277832,10.000000
100000.000000,6407889.000000,11277944.000000,66056.062500,116262.015625,10.000000
100000.000000,2352.460938,30856.091797,20.612947,316.068115,10.000000
100000.000000,-15413.554688,-14097.745117,-162.271500,-147.991180,10.000000
100000.000000,-2896.055664,-5532.630859,-33.377369,-59.945000,10.000000
100000.000000,-28023.716797,-24495.964844,-291.816956,-254.824799,10.000000
100000.000000,-436.390320,7103.957520,-8.169714,70.432899,10.000000
100000.000000,-1462.596313,54926.210938,-17.768808,565.255920,10.000000
100000.000000,-10215.685547,-8151.623535,-108.822830,-86.815590,10.000000
100000.000000,-8919.922852,15864.067383,-95.892899,161.035187,10.000000
100000.000000,-23785.984375,-24682.722656,-248.242050,-256.813568,10.000000
100000.000000,17503.636719,28156.533203,176.991058,288.316864,10.000000
100000.000000,-17216.894531,5973.160156,-181.269592,59.060284,10.000000
100000.000000,-12195.597656,9801.744141,-129.591858,98.475609,10.000000
100000.000000,-21903.689453,-26375.355469,-228.852600,-274.256958,10.000000
100000.000000,13836.699219,81599.203125,145.947937,845.281006,10.000000
100000.000000,-1595.681030,29449.292969,-20.197510,301.445740,10.000000
100000.000000,-10012.074219,12009.429688,-107.099823,121.224464,10.000000
100000.000000,-184.279739,9557.604492,-5.583500,95.766045,10.000000
100000.000000,-33783.316406,-20688.208984,-351.053802,-215.538803,10.000000
100000.000000,-11205.824219,-4.123301,-119.177147,-2.772920,10.000000
100000.000000,290.387421,30921.429688,-0.658011,316.703918,10.000000
100000.000000,9186.250977,20706.042969,91.140083,211.022659,10.000000
100000.000000,13291.454102,37855.015625,133.784653,388.914185,10.000000
100000.000000,-6454.068848,35412.632812,-70.421684,363.046326,10.000000
100000.000000,-7910.206055,34282.238281,-85.544144,351.335358,10.000000
100000.000000,-8004.317871,28783.941406,-86.545448,294.506317,10.000000
100000.000000,-38077.410156,-35748.828125,-394.957520,-370.435455,10.000000
100000.000000,-7649.651367,28669.503906,-82.855736,293.324097,10.000000
100000.000000,6255.776367,16528.000000,60.890079,167.770187,10.000000
100000.000000,-31357.664062,-19212.785156,-326.163452,-200.384842,10.000000
100000.000000,-4194.686523,15124.322266,-47.039501,153.310410,10.000000
100000.000000,12247.077148,15580.081055,122.755562,157.947723,10.000000
100000.000000,-6260.399902,42253.492188,-68.203995,433.762634,10.000000
100000.000000,-3386.502441,37763.343750,-38.553722,387.402039,10.000000
100000.000000,-13521.653320,-3917.883545,-142.975464,-43.112175,10.000000
100000.000000,-1121.276123,26567.484375,-15.290181,271.600159,10.000000
100000.000000,7431.104492,7582.252930,73.090843,75.267227,10.000000
100000.000000,-2683.880859,51196.046875,-30.637674,526.460815,10.000000
100000.000000,-8125.422363,17968.363281,-87.697807,182.717239,10.000000
100000.000000,2752.666260,5138.774414,24.805592,50.070560,10.000000
100000.000000,-15627.487305,-19105.994141,-164.382828,-199.561676,10.000000
100000.000000,-6539.991211,28608.164062,-71.347961,292.663086,10.000000
100000.000000,1712.222534,32245.369141,14.087295,330.386200,10.000000
100000.000000,-8130.662109,26901.441406,-87.828850,275.015656,10.000000
100000.000000,-20461.505859,-2195.854248,-214.487503,-25.206585,10.000000
100000.000000,-181.351837,37577.601562,-5.360665,385.542725,10.000000
100000.000000,-33529.617188,-30715.457031,-348.311646,-318.733276,10.000000
100000.000000,11910.991211,33801.335938,119.470291,346.742523,10.000000
100000.000000,-30983.984375,-8077.836426,-322.510681,-85.662674,10.000000
100000.000000,5287.483398,83456.945312,57.311325,861.639832,10.000000
100000.000000,-13183.577148,-18870.708984,-139.216187,-197.183228,10.000000
100000.000000,-6433.505859,49986.531250,-69.564560,513.659241,10.000000
100000.000000,4566.941895,28594.898438,43.546146,292.610809,10.000000
100000.000000,-524.394653,19754.582031,-9.124864,201.104950,10.000000
100000.000000,-22780.136719,4394.659668,-238.505264,42.864540,10.000000
100000.000000,6801.435547,49034.296875,67.417503,504.645477,10.000000
100000.000000,3430.929443,87895.820312,39.088703,906.675171,10.000000
100000.000000,10838.231445,55729.015625,109.660103,574.577515,10.000000
100000.000000,-3507.592529,-3998.237793,-39.693691,-44.152382,10.000000
100000.000000,-46003.265625,-46044.894531,-476.241272,-476.180084,10.000000
100000.000000,-3280.017822,42366.507812,-37.245064,434.953186,10.000000
100000.000000,-15143.794922,-10628.324219,-159.562378,-112.274986,10.000000
100000.000000,-17217.814453,4451.265137,-181.262833,43.288330,10.000000
100000.000000,-9335.847656,24492.988281,-100.276855,250.081299,10.000000
100000.000000,-2822.736816,7581.554688,-32.774403,75.327660,10.000000
100000.000000,-7215.904297,51423.250000,-77.552399,528.406738,10.000000
100000.000000,14730.791016,49849.664062,149.325577,513.650574,10.000000
100000.000000,-7628.985840,14220.384766,-82.508720,143.931717,10.000000
100000.000000,-952.524170,-3350.288574,-13.321745,-37.510006,10.000000
100000.000000,-22341.621094,-15577.089844,-233.563614,-163.117310,10.000000
100000.000000,-4072.841553,10452.184570,-45.716198,104.976517,10.000000
100000.000000,-13013.422852,28031.140625,-138.486755,286.644897,10.000000
100000.000000,-17215.585938,19505.617188,-181.796906,198.780334,10.000000
100000.000000,-12029.369141,7834.042480,-127.837555,78.067055,10.000000
100000.000000,-25119.835938,-33449.867188,-261.841339,-346.975464,10.000000
100000.000000,-21638.716797,7244.383301,-226.861450,72.244286,10.000000
100000.000000,-310.610840,41254.398438,-6.495623,423.535187,10.000000
100000.000000,1806.261841,9370.951172,15.030758,93.752350,10.000000
100000.000000,4867.764648,30571.363281,46.732452,313.035339,10.000000
100000.000000,-15366.916016,21084.984375,-162.708221,214.989304,10.000000
100000.000000,-35177.203125,-29255.576172,-365.266876,-303.696106,10.000000
100000.000000,-8384.240234,25152.894531,-90.392006,256.860168,10.000000
100000.000000,3629.761719,34403.902344,34.038326,352.699982,10.000000
100000.000000,-18640.851562,-20710.392578,-195.384674,-216.034241,10.000000
100000.000000,-8552.874023,-10128.899414,-91.628998,-107.249748,10.000000
100000.000000,-9600.296875,14131.789062,-102.848808,143.037704,10.000000
100000.000000,-16107.906250,19890.751953,-170.315125,202.676041,10.000000
100000.000000,-14136.067383,7352.456543,-149.551392,73.137207,10.000000
100000.000000,-3149.956787,49530.519531,-35.430855,509.058319,10.000000
100000.000000,-39367.621094,-32458.150391,-408.261414,-336.579620,10.000000
100000.000000,-24620.320312,-391.785980,-257.313416,-6.522889,10.000000
100000.000000,-38842.839844,-21584.515625,-403.009979,-224.700638,10.000000
100000.000000,-30983.873047,-7300.631348,-322.535980,-77.658257,10.000000
100000.000000,-14247.776367,24189.271484,-151.134537,246.973953,10.000000
100000.000000,-9356.032227,23540.466797,-100.400505,240.196396,10.000000
100000.000000,-3459.757080,35594.832031,-39.211819,364.834869,10.000000
100000.000000,-8218.924805,46340.906250,-88.135338,475.757721,10.000000
