Mass,x_pos,y_pos,x_vel,y_vel,radius
199 
100000.000000,57563.277344,62252.613281,576.544434,634.283142,10.000000
100000.000000,76262.664062,77951.328125,758.426819,792.180908,10.000000
100000.000000,-105157.687500,10436.182617,-1083.988403,86.269783,10.000000
100000.000000,42890.656250,113566.546875,537.967285,821.895569,10.000000
100000.000000,32109.656250,95865.273438,297.184235,915.994629,10.000000
100000.000000,51261.984375,112232.289062,436.427948,1171.485596,10.000000
100000.000000,49981.046875,54341.253906,501.734467,553.129639,10.000000
100000.000000,21518.154297,9831.639648,208.422318,77.101181,10.000000
100000.000000,131291.812500,98009.617188,1311.753906,983.396484,10.000000
100000.000000,52020.265625,57230.312500,521.790344,582.729309,10.000000
100000.000000,-60943.000000,202742.468750,-632.724121,2047.704834,10.000000
100000.000000,-61905.898438,52144.960938,-670.814819,496.347015,10.000000
100000.000000,50432.656250,83377.484375,503.514557,857.762512,10.000000
100000.000000,25456.500000,92733.898438,234.590958,905.921753,10.000000
100000.000000,34194.839844,40827.800781,344.261017,415.143768,10.000000
100000.000000,-32111.943359,68729.093750,-355.967773,670.279846,10.000000
100000.000000,35779.187500,41563.574219,360.112213,422.570953,10.000000
100000.000000,58985.089844,92372.492188,580.000244,951.080994,10.000000
100000.000000,193004.031250,166288.265625,1935.112305,1667.672485,10.000000
100000.000000,53898.058594,95483.992188,591.063110,869.331604,10.000000
100000.000000,553833.562500,578006.687500,5562.693848,5805.766602,10.000000
100000.000000,629346.437500,531656.625000,6321.525391,5339.733398,10.000000
100000.000000,633200.062500,545439.125000,6360.082031,5478.114746,10.000000
100000.000000,236315.531250,209207.703125,2370.643799,2098.674805,10.000000
100000.000000,42541.917969,103354.078125,427.247528,914.847961,10.000000
100000.000000,-29090.242188,173242.578125,-403.080170,1821.426514,10.000000
100000.000000,49582.113281,71869.171875,496.202362,734.359680,10.000000
100000.000000,107612.546875,127212.882812,1069.379028,1273.455811,10.000000
100000.000000,58273.632812,91134.226562,573.818787,937.771667,10.000000
100000.000000,42192.781250,112887.273438,465.410004,1038.433228,10.000000
100000.000000,55916.335938,78991.210938,556.866577,808.607910,10.000000
100000.000000,81869.906250,-37685.632812,827.433960,-421.052368,10.000000
100000.000000,12872.871094,93354.546875,118.538147,927.961243,10.000000
100000.000000,-18123.453125,60242.929688,-283.078094,518.741455,10.000000
100000.000000,46601.105469,50447.914062,467.429688,512.526062,10.000000
100000.000000,-16926.429688,99140.843750,-270.287018,968.264771,10.000000
100000.000000,-6618.877930,122177.992188,-147.358612,1234.022583,10.000000
100000.000000,47767.464844,73502.601562,478.206635,751.471741,10.000000
100000.000000,26292.890625,90629.390625,234.556442,869.045654,10.000000
100000.000000,56049.746094,84770.265625,556.153931,870.153564,10.000000
100000.000000,469.337097,241225.343750,-42.853405,2540.187256,10.000000
100000.000000,12343.108398,234163.640625,111.998245,2372.996338,10.000000
100000.000000,43551.792969,58844.589844,436.781494,598.776794,10.000000
100000.000000,52475.234375,99906.515625,509.276184,1042.854248,10.000000
100000.000000,46643.894531,81710.929688,466.875000,839.045593,10.000000
100000.000000,29380.599609,40729.386719,295.232025,413.600616,10.000000
100000.000000,37358.160156,51329.882812,375.041046,521.581055,10.000000
100000.000000,29261.705078,44950.285156,293.923309,456.534241,10.000000
100000.000000,26945.611328,36546.699219,270.893188,371.179535,10.000000
100000.000000,42500.695312,47785.968750,426.456207,485.212708,10.000000
100000.000000,29425.236328,37526.695312,295.787323,381.005341,10.000000
100000.000000,703188.937500,602303.750000,7062.888672,6049.032227,10.000000
100000.000000,50858.566406,42879.800781,509.819885,434.665009,10.000000
100000.000000,41767.281250,35068.472656,419.424591,355.322937,10.000000
100000.000000,48541.285156,79477.328125,485.156036,814.587219,10.000000
100000.000000,27595.833984,111420.242188,315.944855,1118.795532,10.000000
100000.000000,51184.093750,91063.609375,507.238007,941.306152,10.000000
100000.000000,37146.734375,62099.113281,372.952972,631.978455,10.000000
100000.000000,41761.144531,51546.757812,418.828705,523.544006,10.000000
100000.000000,35848.664062,53813.054688,359.790558,546.772217,10.000000
100000.000000,31895.837891,39824.527344,320.357513,404.101562,10.000000
100000.000000,41642.054688,41974.566406,417.852539,425.684845,10.000000
100000.000000,38025.976562,61815.589844,381.668976,629.042236,10.000000
100000.000000,28657.958984,44336.851562,287.702301,450.066681,10.000000
100000.000000,31175.376953,31401.261719,313.526489,318.444458,10.000000
100000.000000,41738.941406,34707.375000,419.065216,351.574738,10.000000
100000.000000,-42782.648438,32867.441406,-442.844086,318.522400,10.000000
100000.000000,-299.101440,153649.312500,-10.484596,1539.539307,10.000000
100000.000000,35914.488281,64403.144531,360.752075,655.594788,10.000000
100000.000000,30434.687500,53374.667969,305.534607,542.104919,10.000000
100000.000000,54352.886719,47525.703125,544.218323,481.863098,10.000000
100000.000000,45407.742188,49070.906250,455.132782,498.008087,10.000000
100000.000000,26920.208984,42926.000000,270.199341,435.681671,10.000000
100000.000000,30600.101562,45140.203125,307.144135,458.129822,10.000000
100000.000000,26467.908203,96914.015625,274.828827,977.483521,10.000000
100000.000000,30909.830078,36594.972656,310.498962,371.192871,10.000000
100000.000000,51817.250000,64905.914062,518.090027,660.768005,10.000000
100000.000000,33047.203125,32786.101562,332.118561,332.340637,10.000000
100000.000000,27236.517578,34611.164062,273.674530,351.213074,10.000000
100000.000000,50909.773438,76080.960938,508.260162,777.848877,10.000000
100000.000000,27552.162109,33614.199219,276.898804,341.061707,10.000000
100000.000000,32337.744141,50859.664062,324.516541,516.359253,10.000000
100000.000000,43321.445312,58919.667969,434.142426,599.069092,10.000000
100000.000000,47648.687500,66636.679688,476.864868,678.891296,10.000000
100000.000000,38571.167969,46200.183594,386.905151,468.728210,10.000000
100000.000000,-36969.890625,-4021.467285,-406.909485,-87.791176,10.000000
100000.000000,38153.308594,47434.304688,382.684357,481.313568,10.000000
100000.000000,38224.300781,58265.203125,383.402527,592.238464,10.000000
100000.000000,42956.628906,114753.382812,109.385651,586.139648,10.000000
100000.000000,27671.101562,36497.859375,277.883209,370.264099,10.000000
100000.000000,44278.367188,36475.207031,444.131470,369.342499,10.000000
100000.000000,23368.617188,30474.773438,234.932297,309.437897,10.000000
100000.000000,31243.257812,54233.988281,313.555725,550.702820,10.000000
100000.000000,40076.574219,52786.199219,401.794922,535.976746,10.000000
100000.000000,45533.035156,75334.328125,455.918274,770.053833,10.000000
100000.000000,24191.570312,30643.462891,243.198669,311.060730,10.000000
100000.000000,31311.958984,50410.230469,314.161774,511.638947,10.000000
100000.000000,29285.916016,43206.011719,293.864471,438.299683,10.000000
100000.000000,-2795937.000000,130970.507812,-28105.726562,1311.012085,10.000000
100000.000000,-311922.906250,-98868.742188,-3140.479248,-999.151367,10.000000
100000.000000,82152.742188,661772.437500,821.112549,6646.277832,10.000000
100000.000000,6573029.000000,11568599.000000,66056.062500,116262.015625,10.000000
100000.000000,2404.008789,31646.296875,20.623192,316.088989,10.000000
100000.000000,-15819.227539,-14467.710938,-162.267395,-147.982178,10.000000
100000.000000,-2979.492676,-5682.476074,-33.373066,-59.933784,10.000000
100000.000000,-28753.253906,-25133.015625,-291.813263,-254.817627,10.000000
100000.000000,-456.806152,7280.060547,-8.164127,70.446648,10.000000
100000.000000,-1506.984741,56339.398438,-17.746506,565.285217,10.000000
100000.000000,-10487.735352,-8368.645508,-108.818405,-86.805435,10.000000
100000.000000,-9159.643555,16266.675781,-95.885384,161.049362,10.000000
100000.000000,-24406.583984,-25324.744141,-248.238449,-256.806122,10.000000
100000.000000,17946.125000,28877.361328,176.998077,288.340698,10.000000
100000.000000,-17670.058594,6120.827637,-181.263306,59.071518,10.000000
100000.000000,-12519.567383,10047.952148,-129.585205,98.488136,10.000000
100000.000000,-22475.816406,-27060.986328,-228.849152,-274.249512,10.000000
100000.000000,14201.680664,83712.523438,146.022308,845.361023,10.000000
100000.000000,-1646.159302,30202.935547,-20.187317,301.464966,10.000000
100000.000000,-10279.813477,12312.510742,-107.092911,121.237709,10.000000
100000.000000,-198.229553,9797.041992,-5.577584,95.780342,10.000000
100000.000000,-34660.945312,-21227.044922,-351.049744,-215.531708,10.000000
100000.000000,-11503.759766,-11.038756,-119.171829,-2.761766,10.000000
100000.000000,288.758209,31713.216797,-0.647544,316.724152,10.000000
100000.000000,9414.111328,21233.630859,91.146950,211.041626,10.000000
100000.000000,13625.931641,38827.343750,133.795547,388.942108,10.000000
100000.000000,-6630.104492,36320.273438,-70.409317,363.065796,10.000000
100000.000000,-8124.048340,35160.601562,-85.532112,351.354034,10.000000
100000.000000,-8220.665039,29520.232422,-86.535065,294.523560,10.000000
100000.000000,-39064.792969,-36674.906250,-394.954285,-370.429535,10.000000
100000.000000,-7856.775391,29402.841797,-82.845390,293.341400,10.000000
100000.000000,6408.011230,16947.453125,60.896515,167.787292,10.000000
100000.000000,-32173.066406,-19713.736328,-326.159332,-200.377518,10.000000
100000.000000,-4312.274414,15507.621094,-47.032383,153.325287,10.000000
100000.000000,12553.974609,15974.977539,122.761101,157.965530,10.000000
100000.000000,-6430.888184,43337.929688,-68.188995,433.784271,10.000000
100000.000000,-3482.866943,38731.882812,-38.540638,387.423370,10.000000
100000.000000,-13879.083984,-4025.648438,-142.970474,-43.101807,10.000000
100000.000000,-1159.487427,27246.513672,-15.280820,271.618652,10.000000
100000.000000,7613.838867,7770.443848,73.095802,75.282112,10.000000
100000.000000,-2760.445801,52512.238281,-30.617970,526.487610,10.000000
100000.000000,-8344.655273,18425.177734,-87.689919,182.731964,10.000000
100000.000000,2814.687744,5263.971680,24.810669,50.084309,10.000000
100000.000000,-16038.438477,-19604.884766,-164.379074,-199.553207,10.000000
100000.000000,-6718.345703,29339.847656,-71.337692,292.680664,10.000000
100000.000000,1747.457031,33071.367188,14.098034,330.407379,10.000000
100000.000000,-8350.218750,27589.005859,-87.818954,275.032410,10.000000
100000.000000,-20997.716797,-2258.855957,-214.482117,-25.196753,10.000000
100000.000000,-194.734177,38541.492188,-5.347866,385.565216,10.000000
100000.000000,-34400.394531,-31512.279297,-348.308228,-318.726837,10.000000
100000.000000,12209.682617,34668.230469,119.480042,346.767700,10.000000
100000.000000,-31790.251953,-8291.980469,-322.505707,-85.654457,10.000000
100000.000000,5430.864746,85611.125000,57.379910,861.693176,10.000000
100000.000000,-13531.612305,-19363.654297,-139.212509,-197.174545,10.000000
100000.000000,-6607.388672,51270.714844,-69.545715,513.683289,10.000000
100000.000000,4675.821289,29326.458984,43.555473,292.631470,10.000000
100000.000000,-547.195190,20257.369141,-9.117140,201.121628,10.000000
100000.000000,-23376.390625,4501.836914,-238.499039,42.874851,10.000000
100000.000000,6970.006348,50295.957031,67.435295,504.677216,10.000000
100000.000000,3528.767334,90162.578125,39.165653,906.723450,10.000000
100000.000000,11112.415039,57165.519531,109.682304,574.617371,10.000000
100000.000000,-3606.819824,-4108.601562,-39.689205,-44.140995,10.000000
100000.000000,-47193.871094,-47235.339844,-476.238434,-476.174988,10.000000
100000.000000,-3373.107666,43453.925781,-37.230072,434.976196,10.000000
100000.000000,-15542.694336,-10908.998047,-159.557983,-112.265572,10.000000
100000.000000,-17670.962891,4559.502930,-181.256744,43.299358,10.000000
100000.000000,-9586.526367,25118.214844,-100.267517,250.097168,10.000000
100000.000000,-2904.664062,7769.894043,-32.768585,75.341164,10.000000
100000.000000,-7409.756348,52744.304688,-77.532791,528.430847,10.000000
100000.000000,15104.129883,51133.843750,149.342148,513.688171,10.000000
100000.000000,-7835.246582,14580.235352,-82.501549,143.945770,10.000000
100000.000000,-985.821899,-3444.045898,-13.317351,-37.498264,10.000000
100000.000000,-22925.523438,-15984.870117,-233.559418,-163.108994,10.000000
100000.000000,-4187.122070,10714.646484,-45.709869,104.990410,10.000000
100000.000000,-13359.624023,28747.777344,-138.476425,286.660614,10.000000
100000.000000,-17670.066406,20002.585938,-181.788422,198.793579,10.000000
100000.000000,-12348.954102,8029.228516,-127.831200,78.079285,10.000000
100000.000000,-25774.435547,-34317.296875,-261.838226,-346.968719,10.000000
100000.000000,-22205.861328,7425.010254,-226.854889,72.255081,10.000000
100000.000000,-326.828217,42313.273438,-6.481290,423.559082,10.000000
100000.000000,1843.847290,9605.354492,15.036480,93.766891,10.000000
100000.000000,4984.610352,31353.982422,46.742306,313.056854,10.000000
100000.000000,-15773.673828,21622.478516,-162.699448,215.003189,10.000000
100000.000000,-36090.367188,-30014.808594,-365.263336,-303.689667,10.000000
100000.000000,-8610.207031,25795.070312,-90.382553,256.876434,10.000000
100000.000000,3714.874512,35285.683594,34.049564,352.722595,10.000000
100000.000000,-19129.308594,-21250.466797,-195.380951,-216.026138,10.000000
100000.000000,-8781.940430,-10397.009766,-91.624832,-107.239700,10.000000
100000.000000,-9857.408203,14489.404297,-102.841560,143.051407,10.000000
100000.000000,-16533.679688,20397.462891,-170.306580,202.689560,10.000000
100000.000000,-14509.936523,7535.317383,-149.545013,73.149071,10.000000
100000.000000,-3238.505859,50803.203125,-35.412178,509.084106,10.000000
100000.000000,-40388.265625,-33299.589844,-408.257996,-336.573608,10.000000
100000.000000,-25263.595703,-408.078735,-257.307739,-6.513320,10.000000
100000.000000,-39850.359375,-22146.257812,-403.005951,-224.693970,10.000000
100000.000000,-31790.205078,-7494.764648,-322.530884,-77.649971,10.000000
100000.000000,-14625.598633,24806.728516,-151.125122,246.988617,10.000000
100000.000000,-9607.018555,24140.982422,-100.391388,240.212051,10.000000
100000.000000,-3557.768555,36506.949219,-39.199539,364.855469,10.000000
100000.000000,-8439.238281,47530.335938,-88.118492,475.779724,10.000000
