Mass,x_pos,y_pos,x_vel,y_vel,radius
232 
100000.000000,67075.367188,72721.523438,576.443970,634.646973,10.000000
100000.000000,88773.976562,91025.335938,758.120850,792.519043,10.000000
100000.000000,-123043.265625,11859.807617,-1083.960938,86.289146,10.000000
100000.000000,51737.847656,130623.101562,510.916840,1119.466919,10.000000
100000.000000,37023.597656,110996.875000,298.337616,917.958618,10.000000
100000.000000,58314.683594,131602.578125,418.865723,1176.178345,10.000000
100000.000000,58259.363281,63470.574219,501.700256,553.429932,10.000000
100000.000000,24957.294922,11104.656250,208.441849,77.195877,10.000000
100000.000000,152934.546875,114235.898438,1311.618286,983.421997,10.000000
100000.000000,60629.355469,66848.257812,521.739807,583.055298,10.000000
100000.000000,-71382.546875,236529.234375,-632.678711,2047.666504,10.000000
100000.000000,-72973.781250,60335.027344,-670.751343,496.384766,10.000000
100000.000000,58738.429688,97539.992188,503.265869,858.822205,10.000000
100000.000000,29335.033203,107691.218750,235.459457,906.996582,10.000000
100000.000000,39875.363281,47679.457031,344.285248,415.343353,10.000000
100000.000000,-37984.332031,79789.375000,-355.846558,670.353699,10.000000
100000.000000,41721.230469,48537.824219,360.132874,422.775970,10.000000
100000.000000,68547.304688,108076.234375,579.123596,952.307251,10.000000
100000.000000,224933.000000,193804.609375,1935.070679,1667.658203,10.000000
100000.000000,63640.941406,109845.148438,590.001587,871.218079,10.000000
100000.000000,645618.937500,673801.562500,5562.693848,5805.766602,10.000000
100000.000000,733651.187500,619762.500000,6321.525391,5339.733398,10.000000
100000.000000,738142.125000,635828.187500,6360.082031,5478.114746,10.000000
100000.000000,275430.906250,243835.671875,2370.622070,2098.666260,10.000000
100000.000000,49595.359375,118519.234375,427.646271,922.392639,10.000000
100000.000000,-35740.187500,203295.390625,-402.982605,1821.347534,10.000000
100000.000000,57768.667969,83991.359375,496.114319,734.948059,10.000000
100000.000000,125255.031250,148224.468750,1069.125610,1273.406250,10.000000
100000.000000,67734.742188,106618.226562,573.042358,938.981079,10.000000
100000.000000,50579.437500,132219.343750,518.298401,1331.101318,10.000000
100000.000000,65102.320312,92339.781250,556.605103,809.340027,10.000000
100000.000000,95522.453125,-44632.605469,827.422974,-421.009003,10.000000
100000.000000,14834.617188,108670.054688,119.195190,928.423645,10.000000
100000.000000,-22793.156250,68803.117188,-282.957397,518.848755,10.000000
100000.000000,54313.570312,58906.976562,467.415466,512.794189,10.000000
100000.000000,-21383.718750,115117.828125,-270.014740,968.335205,10.000000
100000.000000,-9046.496094,142538.796875,-146.935501,1233.959351,10.000000
100000.000000,55657.242188,85907.617188,478.134888,752.116699,10.000000
100000.000000,30169.552734,104977.867188,235.277359,870.071838,10.000000
100000.000000,65222.582031,99136.437500,555.737122,871.122803,10.000000
100000.000000,-237.567795,283137.781250,-42.833729,2540.129639,10.000000
100000.000000,14191.241211,273317.468750,112.016441,2372.925537,10.000000
100000.000000,50758.683594,68727.585938,436.779480,599.133057,10.000000
100000.000000,60860.597656,117141.750000,507.266846,1046.039429,10.000000
100000.000000,54346.398438,95564.179688,466.769287,840.055908,10.000000
100000.000000,34252.246094,47555.523438,295.268036,413.793243,10.000000
100000.000000,43546.558594,59938.417969,375.066223,521.854126,10.000000
100000.000000,34111.824219,52485.015625,293.966339,456.749329,10.000000
100000.000000,31415.666016,42672.679688,270.928650,371.349976,10.000000
100000.000000,49537.265625,55794.199219,426.458771,485.460632,10.000000
100000.000000,34306.015625,43814.867188,295.819061,381.183167,10.000000
100000.000000,819726.375000,702112.250000,7062.888672,6049.032227,10.000000
100000.000000,59270.394531,50053.660156,509.797363,434.876495,10.000000
100000.000000,48687.832031,40932.863281,419.427826,355.497711,10.000000
100000.000000,56545.191406,92925.750000,485.024872,815.455933,10.000000
100000.000000,32847.699219,129888.687500,320.346252,1119.745728,10.000000
100000.000000,59548.417969,106610.335938,506.660950,943.017944,10.000000
100000.000000,43300.863281,72530.257812,372.998383,632.371765,10.000000
100000.000000,48671.878906,60187.707031,418.835114,523.821838,10.000000
100000.000000,41785.527344,62837.394531,359.826050,547.065063,10.000000
100000.000000,37181.992188,46493.914062,320.386444,404.292786,10.000000
100000.000000,48536.660156,49000.230469,417.857056,425.894379,10.000000
100000.000000,44323.855469,72198.265625,381.707458,629.433350,10.000000
100000.000000,33405.433594,51764.820312,287.745850,450.277039,10.000000
100000.000000,36348.765625,36656.980469,313.548889,318.599335,10.000000
100000.000000,48653.562500,40509.898438,419.068481,351.747833,10.000000
100000.000000,-50089.074219,38123.542969,-442.787170,318.576477,10.000000
100000.000000,-469.931915,179049.781250,-10.241873,1539.322754,10.000000
100000.000000,41867.449219,75224.250000,360.813904,656.019897,10.000000
100000.000000,35476.523438,62321.863281,305.592255,542.381653,10.000000
100000.000000,63332.136719,55478.558594,544.179321,482.099091,10.000000
100000.000000,52917.355469,57290.324219,455.124268,498.265045,10.000000
100000.000000,31378.898438,50116.527344,270.244659,435.881165,10.000000
100000.000000,35668.332031,52701.296875,307.183716,458.348053,10.000000
100000.000000,31013.914062,113054.585938,276.101410,978.841003,10.000000
100000.000000,36033.308594,42721.218750,310.526611,371.367981,10.000000
100000.000000,60365.078125,75812.406250,518.016357,661.196167,10.000000
100000.000000,38527.339844,38271.164062,332.138611,332.502045,10.000000
100000.000000,31752.439453,40407.632812,273.707092,351.376007,10.000000
100000.000000,59294.816406,88921.734375,508.120789,778.552002,10.000000
100000.000000,32121.269531,39243.136719,276.929718,341.221191,10.000000
100000.000000,37692.664062,59381.894531,324.560974,516.619934,10.000000
100000.000000,50484.765625,68807.484375,434.141907,599.425476,10.000000
100000.000000,55516.570312,77842.601562,476.821472,679.365417,10.000000
100000.000000,44955.246094,53936.273438,386.921143,468.962677,10.000000
100000.000000,-43683.632812,-5469.624023,-406.879425,-87.746681,10.000000
100000.000000,44467.769531,55378.144531,382.702698,481.556366,10.000000
100000.000000,44550.710938,68040.210938,383.433105,592.582397,10.000000
100000.000000,49967.035156,133890.265625,-33.821640,837.600952,10.000000
100000.000000,32256.476562,42608.746094,277.917236,370.434998,10.000000
100000.000000,51606.558594,42570.972656,444.129211,369.523407,10.000000
100000.000000,27245.298828,35581.785156,234.966248,309.581879,10.000000
100000.000000,36417.429688,63323.148438,313.612427,550.988892,10.000000
100000.000000,46706.320312,61632.386719,401.809662,536.264587,10.000000
100000.000000,53055.316406,88046.562500,455.877075,770.766663,10.000000
100000.000000,28204.640625,35777.257812,243.231613,311.206177,10.000000
100000.000000,36496.046875,58854.554688,314.208984,511.893646,10.000000
100000.000000,34135.035156,50439.781250,293.904419,438.504517,10.000000
100000.000000,-3259677.750000,152602.015625,-28105.726562,1311.012085,10.000000
100000.000000,-363741.156250,-115354.750000,-3140.471191,-999.147705,10.000000
100000.000000,95701.046875,771435.562500,821.112549,6646.277832,10.000000
100000.000000,7662953.000000,13486922.000000,66056.062500,116262.015625,10.000000
100000.000000,2744.795654,36862.796875,20.679758,316.204315,10.000000
100000.000000,-18496.439453,-16908.974609,-162.244690,-147.932449,10.000000
100000.000000,-3529.936768,-6670.831543,-33.349331,-59.871906,10.000000
100000.000000,-33567.992188,-29337.154297,-291.792816,-254.777954,10.000000
100000.000000,-591.239075,8443.104492,-8.133291,70.522522,10.000000
100000.000000,-1798.702881,65668.046875,-17.623259,565.446594,10.000000
100000.000000,-12283.022461,-9800.434570,-108.793976,-86.749405,10.000000
100000.000000,-10741.381836,18924.689453,-95.843819,161.127579,10.000000
100000.000000,-28502.341797,-29561.683594,-248.218628,-256.765076,10.000000
100000.000000,20866.939453,33636.164062,177.036911,288.472504,10.000000
100000.000000,-20660.591797,7096.061523,-181.228561,59.133568,10.000000
100000.000000,-14657.395508,11673.625977,-129.548416,98.557312,10.000000
100000.000000,-26251.660156,-31585.736328,-228.830185,-274.208527,10.000000
100000.000000,16614.728516,97664.945312,146.435104,845.805481,10.000000
100000.000000,-1978.748169,35178.054688,-20.131027,301.571136,10.000000
100000.000000,-12046.507812,14313.584961,-107.054726,121.310890,10.000000
100000.000000,-289.968353,11378.121094,-5.544933,95.859291,10.000000
100000.000000,-40453.074219,-24782.966797,-351.027466,-215.492676,10.000000
100000.000000,-13469.831055,-56.058514,-119.142471,-2.700180,10.000000
100000.000000,278.589355,36940.164062,-0.589742,316.836121,10.000000
100000.000000,10918.375977,24716.750000,91.184822,211.146393,10.000000
100000.000000,15834.095703,45246.265625,133.855652,389.096436,10.000000
100000.000000,-7791.248047,42311.812500,-70.341034,363.173340,10.000000
100000.000000,-9534.739258,40958.863281,-85.465683,351.457245,10.000000
100000.000000,-9647.981445,34380.722656,-86.477730,294.618652,10.000000
100000.000000,-45581.378906,-42786.703125,-394.936554,-370.396881,10.000000
100000.000000,-9223.215820,34243.828125,-82.788300,293.436981,10.000000
100000.000000,7413.121582,19716.783203,60.932053,167.881668,10.000000
100000.000000,-37554.496094,-23019.605469,-326.136658,-200.336990,10.000000
100000.000000,-5087.958496,18038.220703,-46.993107,153.407349,10.000000
100000.000000,14579.802734,18582.287109,122.791618,158.063828,10.000000
100000.000000,-7555.268555,50496.441406,-68.106110,433.903839,10.000000
100000.000000,-4118.143066,45125.417969,-38.468384,387.541138,10.000000
100000.000000,-16237.851562,-4736.317383,-142.943008,-43.044559,10.000000
100000.000000,-1411.159912,31729.130859,-15.229133,271.720764,10.000000
100000.000000,8820.164062,9013.332031,73.123169,75.364357,10.000000
100000.000000,-3264.671143,61200.601562,-30.509079,526.635315,10.000000
100000.000000,-9791.151367,21440.982422,-87.646393,182.813324,10.000000
100000.000000,3224.313721,6091.039062,24.838676,50.160221,10.000000
100000.000000,-18750.507812,-22897.097656,-164.358398,-199.506332,10.000000
100000.000000,-7894.912109,34169.949219,-71.280975,292.777771,10.000000
100000.000000,1980.603638,38524.136719,14.157343,330.524261,10.000000
100000.000000,-9798.744141,32127.863281,-87.764320,275.124756,10.000000
100000.000000,-24536.406250,-2674.119141,-214.452332,-25.142458,10.000000
100000.000000,-282.343414,44904.429688,-5.277172,385.689453,10.000000
100000.000000,-40147.304688,-36770.957031,-348.289368,-318.691254,10.000000
100000.000000,14181.583984,40391.144531,119.533897,346.906708,10.000000
100000.000000,-37111.347656,-9704.874023,-322.478027,-85.609070,10.000000
100000.000000,6381.021484,99831.703125,57.760075,861.988892,10.000000
100000.000000,-15828.437500,-22616.605469,-139.192215,-197.126663,10.000000
100000.000000,-7753.963867,59747.671875,-69.441643,513.816223,10.000000
100000.000000,5394.946777,34155.898438,43.606960,292.745728,10.000000
100000.000000,-697.247375,23576.699219,-9.074492,201.213760,10.000000
100000.000000,-27311.318359,5209.780762,-238.464706,42.931767,10.000000
100000.000000,8083.563965,58624.695312,67.533623,504.852417,10.000000
100000.000000,4178.803223,105125.898438,39.592327,906.990906,10.000000
100000.000000,12923.264648,66648.679688,109.805023,574.837891,10.000000
100000.000000,-4261.470215,-4836.368652,-39.664455,-44.078144,10.000000
100000.000000,-55051.667969,-55091.976562,-476.222839,-476.146973,10.000000
100000.000000,-3986.665283,50632.156250,-37.147274,435.103333,10.000000
100000.000000,-18175.183594,-12760.916016,-159.533707,-112.213646,10.000000
100000.000000,-20661.396484,5274.484863,-181.223099,43.360256,10.000000
100000.000000,-11240.480469,29245.599609,-100.215919,250.184845,10.000000
100000.000000,-3445.059570,9013.689453,-32.736454,75.415726,10.000000
100000.000000,-8688.081055,61464.605469,-77.424469,528.563904,10.000000
100000.000000,17569.091797,59611.554688,149.433792,513.895630,10.000000
100000.000000,-9196.169922,16956.031250,-82.462013,144.023438,10.000000
100000.000000,-1205.341797,-4062.188965,-13.293108,-37.433407,10.000000
100000.000000,-26779.046875,-18675.755859,-233.536240,-163.063065,10.000000
100000.000000,-4941.023438,12447.670898,-45.674953,105.067123,10.000000
100000.000000,-15643.975586,33478.449219,-138.419342,286.747437,10.000000
100000.000000,-20669.154297,23283.330078,-181.741516,198.866669,10.000000
100000.000000,-14457.855469,9318.141602,-127.796074,78.146805,10.000000
100000.000000,-30094.613281,-40041.953125,-261.821075,-346.931580,10.000000
100000.000000,-25948.646484,8617.751953,-226.818588,72.314697,10.000000
100000.000000,-433.063324,49303.167969,-6.402116,423.691040,10.000000
100000.000000,2092.230957,11153.224609,15.068060,93.847183,10.000000
100000.000000,5756.343750,36520.480469,46.796726,313.175598,10.000000
100000.000000,-18457.781250,25170.714844,-162.651031,215.079834,10.000000
100000.000000,-42117.035156,-35025.367188,-365.243835,-303.654144,10.000000
100000.000000,-10101.052734,30034.332031,-90.330338,256.966187,10.000000
100000.000000,4277.245605,41106.718750,34.111652,352.847687,10.000000
100000.000000,-22352.910156,-24814.496094,-195.360443,-215.981339,10.000000
100000.000000,-10293.542969,-12165.970703,-91.601807,-107.184258,10.000000
100000.000000,-11553.936523,16850.429688,-102.801552,143.127106,10.000000
100000.000000,-19343.316406,23742.509766,-170.259384,202.764221,10.000000
100000.000000,-16977.115234,8742.862305,-149.509827,73.214554,10.000000
100000.000000,-3821.886230,59204.367188,-35.308979,509.226593,10.000000
100000.000000,-47124.359375,-38852.757812,-408.239227,-336.540375,10.000000
100000.000000,-29508.892578,-515.077209,-257.276367,-6.460492,10.000000
100000.000000,-46499.757812,-25853.376953,-402.983673,-224.657150,10.000000
100000.000000,-37111.718750,-8775.579102,-322.502899,-77.604202,10.000000
100000.000000,-17118.697266,28882.765625,-151.073044,247.069702,10.000000
100000.000000,-11263.027344,28105.253906,-100.341042,240.298553,10.000000
100000.000000,-4203.956055,42528.082031,-39.131718,364.969116,10.000000
100000.000000,-9892.363281,55381.785156,-88.025444,475.901337,10.000000
