Mass,x_pos,y_pos,x_vel,y_vel,radius
329 
100000.000000,95027.960938,103519.640625,576.263184,635.296082,10.000000
100000.000000,125527.882812,129479.000000,757.572510,793.122681,10.000000
100000.000000,-175613.937500,16045.767578,-1083.912476,86.323349,10.000000
100000.000000,70627.484375,188008.125000,510.329712,913.640808,10.000000
100000.000000,51544.765625,155607.187500,300.202240,921.180115,10.000000
100000.000000,77153.437500,188931.343750,352.070068,1187.092529,10.000000
100000.000000,82590.132812,90326.531250,501.638092,553.965271,10.000000
100000.000000,35067.667969,14853.221680,208.476227,77.362762,10.000000
100000.000000,216541.437500,161933.140625,1311.377319,983.467590,10.000000
100000.000000,85931.257812,95142.296875,521.648376,583.636536,10.000000
100000.000000,-102065.257812,335839.437500,-632.598267,2047.598633,10.000000
100000.000000,-105502.179688,84411.507812,-670.640503,496.450806,10.000000
100000.000000,83134.312500,139245.281250,502.804199,860.750244,10.000000
100000.000000,40795.507812,151731.156250,236.938263,908.838562,10.000000
100000.000000,56574.367188,67833.328125,344.327667,415.699036,10.000000
100000.000000,-55237.082031,112305.085938,-355.634583,670.483276,10.000000
100000.000000,59188.656250,69052.437500,360.169037,423.141388,10.000000
100000.000000,96590.726562,154324.218750,577.496643,954.555908,10.000000
100000.000000,318781.625000,274685.343750,1934.996338,1667.631470,10.000000
100000.000000,92211.000000,152178.656250,588.401794,874.039001,10.000000
100000.000000,915412.312500,955380.437500,5562.693848,5805.766602,10.000000
100000.000000,1040243.937500,878740.375000,6321.525391,5339.733398,10.000000
100000.000000,1046608.187500,901517.250000,6360.082031,5478.114746,10.000000
100000.000000,390405.062500,345620.000000,2370.584961,2098.642578,10.000000
100000.000000,70346.828125,163532.640625,427.988556,932.010254,10.000000
100000.000000,-55280.312500,291627.218750,-402.818390,1821.214478,10.000000
100000.000000,81825.828125,119665.148438,495.952942,736.004700,10.000000
100000.000000,177095.296875,209982.281250,1068.673584,1273.318970,10.000000
100000.000000,95488.265625,152218.953125,571.602295,941.195679,10.000000
100000.000000,69309.851562,189099.609375,307.558258,1011.415833,10.000000
100000.000000,92084.734375,131628.656250,556.128723,810.659729,10.000000
100000.000000,135651.921875,-65049.460938,827.403687,-420.932861,10.000000
100000.000000,20647.191406,153720.984375,120.350563,929.241821,10.000000
100000.000000,-36511.019531,93972.242188,-282.755432,519.028259,10.000000
100000.000000,76982.468750,83790.539062,467.389099,513.272217,10.000000
100000.000000,-34466.855469,162085.312500,-269.559296,968.453552,10.000000
100000.000000,-16153.254883,202382.906250,-146.224762,1233.854126,10.000000
100000.000000,78843.179688,122416.921875,478.002106,753.277100,10.000000
100000.000000,41613.722656,147223.906250,236.479935,871.795166,10.000000
100000.000000,92155.015625,141433.703125,554.970764,872.881531,10.000000
100000.000000,-2314.076660,406331.593750,-42.800030,2540.030273,10.000000
100000.000000,19624.912109,388400.968750,112.048531,2372.801514,10.000000
100000.000000,71942.445312,97802.914062,436.773560,599.770081,10.000000
100000.000000,85354.882812,168041.734375,503.201630,1052.279419,10.000000
100000.000000,76979.312500,136356.859375,466.569183,841.892700,10.000000
100000.000000,48574.484375,67633.890625,295.331665,414.137024,10.000000
100000.000000,61738.480469,85261.671875,375.110229,522.341553,10.000000
100000.000000,48371.265625,74647.828125,294.042419,457.133209,10.000000
100000.000000,44557.421875,60691.453125,270.991394,371.653992,10.000000
100000.000000,70220.703125,79351.101562,426.462585,485.902557,10.000000
100000.000000,48654.777344,62310.902344,295.875092,381.500000,10.000000
100000.000000,1162277.875000,995488.750000,7062.888672,6049.032227,10.000000
100000.000000,83994.484375,71155.453125,509.756653,435.253052,10.000000
100000.000000,69030.234375,58182.992188,419.432800,355.808899,10.000000
100000.000000,80062.296875,132518.125000,484.781067,817.028198,10.000000
100000.000000,48621.628906,184250.015625,329.273407,1121.792236,10.000000
100000.000000,84091.906250,152432.781250,505.564240,946.194031,10.000000
100000.000000,61393.472656,103219.507812,373.078186,633.076355,10.000000
100000.000000,68985.671875,85606.593750,418.845642,524.317688,10.000000
100000.000000,59238.792969,89384.328125,359.888397,547.587891,10.000000
100000.000000,52722.136719,66111.414062,320.437408,404.633728,10.000000
100000.000000,68802.867188,69666.312500,417.864594,426.267944,10.000000
100000.000000,62838.519531,102744.914062,381.774780,630.133789,10.000000
100000.000000,47363.214844,73613.492188,287.822937,450.652252,10.000000
100000.000000,51556.968750,52116.589844,313.588348,318.875183,10.000000
100000.000000,68978.539062,57578.082031,419.073547,352.056183,10.000000
100000.000000,-71561.500000,53577.125000,-442.686707,318.672333,10.000000
100000.000000,-954.864624,253696.421875,-9.809736,1538.937866,10.000000
100000.000000,59369.910156,107061.992188,360.923035,656.781860,10.000000
100000.000000,50300.535156,88640.867188,305.694397,542.876221,10.000000
100000.000000,89722.914062,78871.843750,544.109009,482.519379,10.000000
100000.000000,74990.429688,81468.671875,455.108276,498.723145,10.000000
100000.000000,44487.957031,71266.476562,270.324982,436.237061,10.000000
100000.000000,50568.652344,74941.796875,307.253815,458.737335,10.000000
100000.000000,44467.644531,160596.093750,278.410309,981.337891,10.000000
100000.000000,51095.179688,60741.074219,310.575317,371.679932,10.000000
100000.000000,85485.242188,107901.304688,517.882568,661.962097,10.000000
100000.000000,54637.031250,54405.367188,332.173950,332.789551,10.000000
100000.000000,45028.804688,57457.289062,273.764648,351.666351,10.000000
100000.000000,83931.718750,126716.023438,507.864929,779.818542,10.000000
100000.000000,45553.859375,55800.121094,276.984253,341.505615,10.000000
100000.000000,53436.019531,84450.671875,324.639557,517.085205,10.000000
100000.000000,71540.585938,97897.015625,434.138947,600.062561,10.000000
100000.000000,78640.250000,110815.007812,476.741486,680.215027,10.000000
100000.000000,63721.667969,76692.367188,386.948914,469.380768,10.000000
100000.000000,-63415.835938,-9723.204102,-406.826813,-87.668724,10.000000
100000.000000,63029.726562,78745.437500,382.734711,481.989532,10.000000
100000.000000,63148.683594,96797.234375,383.486542,593.197205,10.000000
100000.000000,70606.421875,189446.812500,687.894592,874.231384,10.000000
100000.000000,45737.101562,60583.167969,277.977386,370.739716,10.000000
100000.000000,73146.640625,60501.656250,444.124451,369.845459,10.000000
100000.000000,38642.808594,50603.507812,235.026382,309.838409,10.000000
100000.000000,51630.378906,90060.070312,313.712860,551.500061,10.000000
100000.000000,66194.781250,87655.257812,401.834991,536.778503,10.000000
100000.000000,75163.226562,125463.765625,455.798309,772.052246,10.000000
100000.000000,40002.972656,50877.832031,243.289917,311.465363,10.000000
100000.000000,51737.472656,83693.812500,314.292603,512.348816,10.000000
100000.000000,48391.328125,71717.226562,293.975159,438.870117,10.000000
100000.000000,-4622802.000000,216185.515625,-28105.726562,1311.012085,10.000000
100000.000000,-516052.687500,-163813.578125,-3140.466309,-999.141785,10.000000
100000.000000,135524.937500,1093778.750000,821.112549,6646.277832,10.000000
100000.000000,10866669.000000,19125670.000000,66056.062500,116262.015625,10.000000
100000.000000,3750.511475,52204.308594,20.780323,316.409546,10.000000
100000.000000,-26364.203125,-24081.281250,-162.204330,-147.843948,10.000000
100000.000000,-5146.227051,-9571.613281,-33.307178,-59.761799,10.000000
100000.000000,-47718.949219,-41691.964844,-291.756561,-254.707367,10.000000
100000.000000,-984.207764,11867.132812,-8.078533,70.657516,10.000000
100000.000000,-2647.436768,93100.070312,-17.403673,565.734680,10.000000
100000.000000,-17558.341797,-14005.059570,-108.750542,-86.649696,10.000000
100000.000000,-15387.787109,26743.169922,-95.769936,161.266739,10.000000
100000.000000,-40539.992188,-42012.792969,-248.183395,-256.691956,10.000000
100000.000000,29455.111328,47633.472656,177.105820,288.707001,10.000000
100000.000000,-29448.488281,9967.054688,-181.166794,59.243961,10.000000
100000.000000,-20938.712891,16457.019531,-129.483063,98.680420,10.000000
100000.000000,-37348.996094,-44882.855469,-228.796448,-274.135529,10.000000
100000.000000,23737.083984,138708.312500,147.178055,846.606873,10.000000
100000.000000,-2952.369141,49809.410156,-20.030960,301.760193,10.000000
100000.000000,-17236.810547,20200.718750,-106.986870,121.441086,10.000000
100000.000000,-557.313232,16031.131836,-5.486938,95.999718,10.000000
100000.000000,-57476.824219,-35232.464844,-350.987762,-215.423233,10.000000
100000.000000,-19246.816406,-184.025162,-119.090332,-2.590613,10.000000
100000.000000,252.793991,52312.164062,-0.486971,317.035400,10.000000
100000.000000,15342.677734,34962.437500,91.252022,211.332733,10.000000
100000.000000,22329.015625,64124.949219,133.962540,389.371399,10.000000
100000.000000,-11199.473633,59930.960938,-70.219551,363.365021,10.000000
100000.000000,-13676.597656,58009.558594,-85.347481,351.640961,10.000000
100000.000000,-13839.368164,48674.355469,-86.375710,294.788025,10.000000
100000.000000,-64734.933594,-60749.363281,-394.904968,-370.338776,10.000000
100000.000000,-13235.673828,48480.167969,-82.686760,293.607147,10.000000
100000.000000,10370.050781,27863.625000,60.995132,168.049667,10.000000
100000.000000,-53371.015625,-32733.976562,-326.096283,-200.264877,10.000000
100000.000000,-7365.219238,25482.460938,-46.923313,153.553375,10.000000
100000.000000,20536.675781,26253.160156,122.845840,158.238770,10.000000
100000.000000,-10854.384766,71546.585938,-67.958580,434.116638,10.000000
100000.000000,-5980.350098,63926.882812,-38.339821,387.750977,10.000000
100000.000000,-23169.253906,-6821.197266,-142.894180,-42.942722,10.000000
100000.000000,-2147.262939,44912.550781,-15.137247,271.902435,10.000000
100000.000000,12367.966797,12672.498047,73.171783,75.510689,10.000000
100000.000000,-4739.066406,86749.601562,-30.315151,526.898926,10.000000
100000.000000,-14039.887695,30311.380859,-87.569038,182.958221,10.000000
100000.000000,4430.349609,8527.499023,24.888411,50.295265,10.000000
100000.000000,-26720.886719,-32570.880859,-164.321701,-199.423050,10.000000
100000.000000,-11349.285156,48374.402344,-71.180145,292.950592,10.000000
100000.000000,2670.115234,54560.257812,14.262795,330.732513,10.000000
100000.000000,-14052.660156,45475.902344,-87.667206,275.289337,10.000000
100000.000000,-34935.898438,-3890.890869,-214.399460,-25.045866,10.000000
100000.000000,-534.851685,63616.417969,-5.151416,385.910889,10.000000
100000.000000,-57038.425781,-52225.757812,-348.255859,-318.627960,10.000000
100000.000000,19981.595703,57222.886719,119.629570,347.154388,10.000000
100000.000000,-52750.187500,-13854.708008,-322.428894,-85.528275,10.000000
100000.000000,9200.990234,141652.671875,58.442574,862.520630,10.000000
100000.000000,-22578.277344,-32174.917969,-139.156219,-197.041428,10.000000
100000.000000,-11116.824219,84674.210938,-69.256371,514.053223,10.000000
100000.000000,7512.383301,48359.617188,43.698479,292.949097,10.000000
100000.000000,-1135.290039,33340.050781,-8.998704,201.377823,10.000000
100000.000000,-38875.199219,7294.736328,-238.403671,43.033047,10.000000
100000.000000,11363.725586,83118.570312,67.708679,505.164886,10.000000
100000.000000,6119.924805,149128.078125,40.358963,907.471985,10.000000
100000.000000,18254.779297,94539.062500,110.023720,575.231689,10.000000
100000.000000,-6183.994141,-6971.104004,-39.620483,-43.966335,10.000000
100000.000000,-78147.757812,-78183.734375,-476.195038,-476.097076,10.000000
100000.000000,-5784.286621,71740.828125,-36.999935,435.329620,10.000000
100000.000000,-25911.392578,-18200.755859,-159.490585,-112.121284,10.000000
100000.000000,-29449.082031,7380.415039,-181.163330,43.468609,10.000000
100000.000000,-16098.447266,41383.824219,-100.124191,250.340912,10.000000
100000.000000,-5031.219238,12674.976562,-32.679382,75.548439,10.000000
100000.000000,-12437.902344,87106.421875,-77.231644,528.801147,10.000000
100000.000000,24821.085938,84545.601562,149.596832,514.265869,10.000000
100000.000000,-13193.659180,23944.941406,-82.391747,144.161575,10.000000
100000.000000,-1848.880981,-5874.557617,-13.250055,-37.318058,10.000000
100000.000000,-38104.429688,-26582.085938,-233.495041,-162.981445,10.000000
100000.000000,-7154.561035,17547.150391,-45.612877,105.203606,10.000000
100000.000000,-22354.542969,47389.921875,-138.317886,286.902130,10.000000
100000.000000,-29481.343750,32931.917969,-181.658112,198.996750,10.000000
100000.000000,-20654.263672,13111.543945,-127.733673,78.266975,10.000000
100000.000000,-42792.097656,-56866.332031,-261.790558,-346.865570,10.000000
100000.000000,-36947.593750,12127.907227,-226.754059,72.420761,10.000000
100000.000000,-739.718384,69858.585938,-6.261227,423.926117,10.000000
100000.000000,2824.564697,15708.715820,15.124153,93.990036,10.000000
100000.000000,8028.625000,51715.277344,46.893463,313.387177,10.000000
100000.000000,-26344.001953,35605.812500,-162.564865,215.216217,10.000000
100000.000000,-59830.417969,-49750.867188,-365.209320,-303.591003,10.000000
100000.000000,-14479.537109,42501.558594,-90.237457,257.126068,10.000000
100000.000000,5934.676758,58225.914062,34.222065,353.070526,10.000000
100000.000000,-31826.894531,-35287.414062,-195.323929,-215.901627,10.000000
100000.000000,-14735.113281,-17361.712891,-91.560905,-107.085625,10.000000
100000.000000,-16537.867188,23795.775391,-102.730392,143.261749,10.000000
100000.000000,-27598.605469,33580.199219,-170.175491,202.897064,10.000000
100000.000000,-24226.632812,12296.949219,-149.447281,73.331024,10.000000
100000.000000,-5529.355469,83908.796875,-35.125225,509.480652,10.000000
100000.000000,-66923.039062,-55173.355469,-408.205902,-336.481171,10.000000
100000.000000,-41985.273438,-825.844055,-257.220581,-6.366492,10.000000
100000.000000,-66043.367188,-36747.464844,-402.943970,-224.591644,10.000000
100000.000000,-52751.746094,-12537.161133,-322.453064,-77.522797,10.000000
100000.000000,-24443.210938,40869.585938,-150.980530,247.213943,10.000000
100000.000000,-16127.122070,39763.945312,-100.251511,240.452621,10.000000
100000.000000,-6098.551270,60234.621094,-39.011082,365.171600,10.000000
100000.000000,-14157.071289,78468.890625,-87.859787,476.117676,10.000000
