Mass,x_pos,y_pos,x_vel,y_vel,radius
445 
100000.000000,128447.578125,140379.843750,576.148804,635.702515,10.000000
100000.000000,169456.000000,175492.265625,757.227844,793.500610,10.000000
100000.000000,-238479.890625,21053.205078,-1083.881226,86.344543,10.000000
100000.000000,95318.523438,253240.890625,478.847656,1037.517334,10.000000
100000.000000,68991.023438,209096.015625,301.264771,923.044373,10.000000
100000.000000,98179.929688,250540.281250,561.084961,915.379150,10.000000
100000.000000,111683.867188,122467.281250,501.598358,554.300232,10.000000
100000.000000,47159.960938,19343.578125,208.497375,77.465881,10.000000
100000.000000,292596.468750,218975.203125,1311.227539,983.495728,10.000000
100000.000000,116184.976562,129004.937500,521.590210,584.000549,10.000000
100000.000000,-138754.484375,454598.375000,-632.548706,2047.556641,10.000000
100000.000000,-144397.171875,113206.921875,-670.572632,496.491272,10.000000
100000.000000,112287.273438,189208.359375,502.501801,861.984741,10.000000
100000.000000,54566.519531,204479.609375,237.823059,909.948914,10.000000
100000.000000,76546.171875,91951.039062,344.353851,415.921509,10.000000
100000.000000,-75859.703125,151195.687500,-355.504578,670.562927,10.000000
100000.000000,80079.203125,93601.984375,360.191162,423.369720,10.000000
100000.000000,130051.453125,209734.937500,576.430786,956.009155,10.000000
100000.000000,431009.906250,371407.593750,1934.949951,1667.617065,10.000000
100000.000000,126310.398438,202921.765625,587.548950,875.530518,10.000000
100000.000000,1238051.750000,1292114.000000,5562.693848,5805.766602,10.000000
100000.000000,1406891.000000,1188445.875000,6321.525391,5339.733398,10.000000
100000.000000,1415488.250000,1219244.625000,6360.082031,5478.114746,10.000000
100000.000000,527897.562500,467340.250000,2370.556641,2098.638184,10.000000
100000.000000,95173.437500,217738.468750,428.080963,936.527832,10.000000
100000.000000,-78640.640625,397254.906250,-402.721527,1821.136475,10.000000
100000.000000,110587.773438,162374.796875,495.848907,736.671021,10.000000
100000.000000,239069.296875,283832.656250,1068.391113,1273.264893,10.000000
100000.000000,128611.070312,206854.000000,570.660278,942.623474,10.000000
100000.000000,94267.242188,257113.031250,230.397278,1138.211792,10.000000
100000.000000,124330.414062,178673.734375,555.823303,811.494812,10.000000
100000.000000,183641.484375,-89462.046875,827.391968,-420.885956,10.000000
100000.000000,27650.482422,207633.375000,121.063988,929.750549,10.000000
100000.000000,-52907.003906,124079.281250,-282.637024,519.133606,10.000000
100000.000000,104090.492188,113569.945312,467.371948,513.571350,10.000000
100000.000000,-50092.640625,218257.921875,-269.292114,968.523132,10.000000
100000.000000,-24620.736328,273944.625000,-145.806122,1233.792847,10.000000
100000.000000,106564.546875,166130.546875,477.915497,754.010620,10.000000
100000.000000,55352.375000,197820.906250,237.184341,872.811951,10.000000
100000.000000,124327.453125,192096.828125,554.475098,874.003723,10.000000
100000.000000,-4795.824707,553651.562500,-42.779785,2539.967773,10.000000
100000.000000,26124.363281,526021.187500,112.068390,2372.726074,10.000000
100000.000000,97274.867188,132602.390625,436.769806,600.169373,10.000000
100000.000000,114446.968750,229213.125000,500.227386,1056.677856,10.000000
100000.000000,104036.039062,185224.250000,466.435333,843.067139,10.000000
100000.000000,65704.992188,91660.726562,295.371094,414.351898,10.000000
100000.000000,83495.781250,115567.304688,375.137177,522.646667,10.000000
100000.000000,65427.238281,101169.281250,294.089600,457.373505,10.000000
100000.000000,60276.175781,82253.507812,271.030243,371.844055,10.000000
100000.000000,94955.890625,107542.328125,426.464264,486.179047,10.000000
100000.000000,65816.640625,84444.289062,295.909760,381.698059,10.000000
100000.000000,1571931.875000,1346330.750000,7062.888672,6049.032227,10.000000
100000.000000,113559.515625,96407.679688,509.730652,435.488007,10.000000
100000.000000,93357.609375,78826.156250,419.436340,356.003265,10.000000
100000.000000,108174.507812,179937.843750,484.621246,818.028442,10.000000
100000.000000,67927.375000,249364.578125,335.894562,1123.418091,10.000000
100000.000000,113391.101562,207378.546875,504.825897,948.276611,10.000000
100000.000000,83033.593750,139952.156250,373.127228,633.519165,10.000000
100000.000000,93278.609375,116027.015625,418.851349,524.628357,10.000000
100000.000000,80113.531250,121154.976562,359.926727,547.915649,10.000000
100000.000000,71308.585938,89587.031250,320.468933,404.847015,10.000000
100000.000000,93039.078125,94397.351562,417.868591,426.501282,10.000000
100000.000000,84982.781250,139306.812500,381.816010,630.574158,10.000000
100000.000000,64058.476562,99758.867188,287.870667,450.887085,10.000000
100000.000000,69745.859375,70616.898438,313.612579,319.047516,10.000000
100000.000000,93285.070312,78003.539062,419.077087,352.248657,10.000000
100000.000000,-97235.312500,72062.031250,-442.624329,318.731873,10.000000
100000.000000,-1515.148193,342947.000000,-9.539732,1538.697510,10.000000
100000.000000,80305.609375,145170.703125,360.990387,657.261108,10.000000
100000.000000,68032.820312,120137.640625,305.757874,543.186096,10.000000
100000.000000,121279.812500,106866.398438,544.064575,482.781830,10.000000
100000.000000,101386.375000,110403.835938,455.097565,499.009735,10.000000
100000.000000,60168.414062,96575.382812,270.374878,436.459808,10.000000
100000.000000,68390.789062,101556.390625,307.297150,458.980957,10.000000
100000.000000,60662.839844,217565.640625,279.889099,982.962219,10.000000
100000.000000,69109.562500,82304.796875,310.605377,371.875000,10.000000
100000.000000,115519.671875,146310.562500,517.797241,662.443237,10.000000
100000.000000,73903.742188,73712.929688,332.195740,332.969116,10.000000
100000.000000,60908.289062,77859.781250,273.800354,351.847992,10.000000
100000.000000,113382.593750,171971.265625,507.699768,780.620544,10.000000
100000.000000,61620.031250,75613.164062,277.018005,341.683289,10.000000
100000.000000,72266.679688,114451.000000,324.688141,517.376648,10.000000
100000.000000,96720.742188,132713.500000,434.135406,600.462097,10.000000
100000.000000,106289.562500,150284.656250,476.689545,680.749329,10.000000
100000.000000,86165.265625,103924.882812,386.965820,469.642548,10.000000
100000.000000,-87010.734375,-14806.449219,-406.794556,-87.620934,10.000000
100000.000000,85228.945312,106709.539062,382.754028,482.260590,10.000000
100000.000000,85391.984375,131215.093750,383.519043,593.583313,10.000000
100000.000000,95954.929688,255929.906250,832.195679,954.130005,10.000000
100000.000000,61860.988281,82092.187500,278.014618,370.930206,10.000000
100000.000000,98905.890625,81959.164062,444.120911,370.046661,10.000000
100000.000000,52275.542969,68579.296875,235.063690,309.998962,10.000000
100000.000000,69827.703125,122057.367188,313.775146,551.820801,10.000000
100000.000000,89501.679688,118798.750000,401.850037,537.100403,10.000000
100000.000000,101597.851562,170268.906250,455.745209,772.866821,10.000000
100000.000000,54114.953125,68948.039062,243.326096,311.627441,10.000000
100000.000000,69968.148438,113419.210938,314.344391,512.633850,10.000000
100000.000000,65443.292969,97179.039062,294.018982,439.098816,10.000000
100000.000000,-6252950.000000,292223.531250,-28105.726562,1311.012085,10.000000
100000.000000,-698201.500000,-221763.125000,-3140.466309,-999.138062,10.000000
100000.000000,183150.187500,1479261.250000,821.112549,6646.277832,10.000000
100000.000000,14697917.000000,25868982.000000,66056.062500,116262.015625,10.000000
100000.000000,4957.787109,70560.179688,20.843018,316.537689,10.000000
100000.000000,-35771.246094,-32654.458984,-162.179169,-147.788742,10.000000
100000.000000,-7077.199219,-13035.588867,-33.280922,-59.693111,10.000000
100000.000000,-64640.097656,-56463.566406,-291.733978,-254.663300,10.000000
100000.000000,-1451.666870,15967.978516,-8.044439,70.741753,10.000000
100000.000000,-3652.438232,125918.453125,-17.266464,565.914734,10.000000
100000.000000,-23865.003906,-19028.742188,-108.723511,-86.587502,10.000000
100000.000000,-20940.962891,36099.433594,-95.723907,161.353592,10.000000
100000.000000,-54933.917969,-56899.460938,-248.161453,-256.646301,10.000000
100000.000000,39728.628906,64383.191406,177.148682,288.853455,10.000000
100000.000000,-39954.925781,13405.418945,-181.128326,59.312847,10.000000
100000.000000,-28447.416016,22182.953125,-129.442307,98.757271,10.000000
100000.000000,-50618.511719,-60781.261719,-228.775421,-274.089996,10.000000
100000.000000,32288.492188,187827.796875,147.647888,847.115051,10.000000
100000.000000,-4112.158203,67315.304688,-19.968569,301.878296,10.000000
100000.000000,-23440.689453,27246.917969,-106.944565,121.522354,10.000000
100000.000000,-874.394104,21601.927734,-5.450827,96.087379,10.000000
100000.000000,-77833.296875,-47725.625000,-350.963104,-215.379913,10.000000
100000.000000,-26153.011719,-332.082397,-119.057823,-2.522248,10.000000
100000.000000,226.610077,70704.226562,-0.422902,317.159851,10.000000
100000.000000,20636.638672,47223.476562,91.293869,211.449036,10.000000
100000.000000,30100.984375,86714.023438,134.029114,389.543152,10.000000
100000.000000,-15269.771484,81009.984375,-70.143791,363.484650,10.000000
100000.000000,-18624.380859,78408.406250,-85.273766,351.755676,10.000000
100000.000000,-18847.115234,65775.460938,-86.312096,294.893829,10.000000
100000.000000,-87638.828125,-82227.875000,-394.885437,-370.302490,10.000000
100000.000000,-18029.474609,65512.792969,-82.623451,293.713348,10.000000
100000.000000,13909.032227,37613.882812,61.034401,168.154495,10.000000
100000.000000,-72283.859375,-44347.890625,-326.071167,-200.219894,10.000000
100000.000000,-10085.371094,34391.480469,-46.879818,153.644516,10.000000
100000.000000,27662.820312,35434.515625,122.879555,158.347946,10.000000
100000.000000,-14793.022461,96729.648438,-67.866508,434.249725,10.000000
100000.000000,-8201.480469,86420.648438,-38.259632,387.882080,10.000000
100000.000000,-31456.136719,-9309.833984,-142.863739,-42.879208,10.000000
100000.000000,-3023.382324,60686.539062,-15.079976,272.015869,10.000000
100000.000000,16612.904297,17055.056641,73.202011,75.601997,10.000000
100000.000000,-6493.447754,117315.046875,-30.194016,527.063843,10.000000
100000.000000,-19117.341797,40925.867188,-87.520844,183.048660,10.000000
100000.000000,5874.874512,11447.337891,24.919382,50.379555,10.000000
100000.000000,-36250.816406,-44135.750000,-164.298859,-199.371078,10.000000
100000.000000,-15475.711914,65369.015625,-71.117256,293.058685,10.000000
100000.000000,3499.470947,73746.921875,14.328539,330.862640,10.000000
100000.000000,-19135.408203,61445.988281,-87.606659,275.392120,10.000000
100000.000000,-47370.003906,-5341.611328,-214.366486,-24.985594,10.000000
100000.000000,-831.111450,86003.703125,-5.072977,386.049286,10.000000
100000.000000,-77236.562500,-70704.937500,-348.234924,-318.588470,10.000000
100000.000000,26922.029297,77362.812500,119.689163,347.309204,10.000000
100000.000000,-71450.132812,-18813.728516,-322.398254,-85.477882,10.000000
100000.000000,12604.478516,191689.656250,58.872807,862.856445,10.000000
100000.000000,-30648.615234,-43601.621094,-139.133774,-196.988251,10.000000
100000.000000,-15129.972656,114494.070312,-69.140678,514.201599,10.000000
100000.000000,10048.730469,65354.753906,43.755512,293.076080,10.000000
100000.000000,-1655.695435,45023.257812,-8.951483,201.480225,10.000000
100000.000000,-52701.386719,9792.684570,-238.365631,43.096241,10.000000
100000.000000,15294.343750,112424.421875,67.817963,505.360382,10.000000
100000.000000,8476.279297,201771.218750,40.842720,907.776184,10.000000
100000.000000,24640.548828,127910.421875,110.160416,575.478455,10.000000
100000.000000,-8481.102539,-9518.906250,-39.593117,-43.896557,10.000000
100000.000000,-105766.500000,-105796.359375,-476.177673,-476.065857,10.000000
100000.000000,-7927.323730,96994.500000,-36.907967,435.471039,10.000000
100000.000000,-35160.992188,-24701.937500,-159.463730,-112.063644,10.000000
100000.000000,-39955.355469,9903.768555,-181.126068,43.536221,10.000000
100000.000000,-21903.808594,55906.734375,-100.066978,250.438416,10.000000
100000.000000,-6925.479980,17059.447266,-32.643826,75.631241,10.000000
100000.000000,-16913.464844,117781.664062,-77.111183,528.949585,10.000000
100000.000000,33500.972656,114380.468750,149.698578,514.497742,10.000000
100000.000000,-17970.972656,32309.089844,-82.347946,144.247864,10.000000
100000.000000,-2616.521484,-8036.689453,-13.223259,-37.246098,10.000000
100000.000000,-51646.308594,-36033.367188,-233.469360,-162.930511,10.000000
100000.000000,-9798.863281,23651.699219,-45.574211,105.288765,10.000000
100000.000000,-30374.941406,64033.351562,-138.254623,286.998627,10.000000
100000.000000,-40015.843750,44476.347656,-181.606079,199.077942,10.000000
100000.000000,-28061.564453,17653.439453,-127.694740,78.341995,10.000000
100000.000000,-57975.343750,-76983.210938,-261.771606,-346.824310,10.000000
100000.000000,-50098.035156,16330.442383,-226.713852,72.486969,10.000000
100000.000000,-1100.042969,94451.031250,-6.173316,424.073151,10.000000
100000.000000,3702.889160,21163.009766,15.159080,94.079170,10.000000
100000.000000,10750.383789,69895.984375,46.953739,313.519348,10.000000
100000.000000,-35771.042969,48091.082031,-162.511108,215.301315,10.000000
100000.000000,-81011.851562,-67357.828125,-365.187653,-303.551575,10.000000
100000.000000,-19711.449219,57418.078125,-90.179535,257.225861,10.000000
100000.000000,7921.768066,78708.468750,34.290890,353.209808,10.000000
100000.000000,-43154.972656,-47808.101562,-195.301178,-215.851898,10.000000
100000.000000,-20044.826172,-23570.699219,-91.535416,-107.024094,10.000000
100000.000000,-22494.804688,32107.662109,-102.686066,143.345840,10.000000
100000.000000,-37467.097656,45350.886719,-170.123169,202.980026,10.000000
100000.000000,-32893.316406,16552.488281,-149.408249,73.403755,10.000000
100000.000000,-7562.930664,113463.789062,-35.010464,509.639526,10.000000
100000.000000,-90598.304688,-74688.085938,-408.185059,-336.444244,10.000000
100000.000000,-56902.949219,-1193.214355,-257.185822,-6.307830,10.000000
100000.000000,-89413.289062,-49772.472656,-402.919312,-224.550766,10.000000
100000.000000,-71452.953125,-17031.851562,-322.421875,-77.471985,10.000000
100000.000000,-33198.222656,55210.898438,-150.922836,247.304016,10.000000
100000.000000,-21939.916016,53713.296875,-100.195694,240.548813,10.000000
100000.000000,-8358.772461,81418.648438,-38.935825,365.298126,10.000000
100000.000000,-19249.609375,106088.078125,-87.756340,476.253052,10.000000
