Mass,x_pos,y_pos,x_vel,y_vel,radius
546 
100000.000000,157541.343750,172488.656250,576.088318,635.916565,10.000000
100000.000000,207691.062500,215569.421875,757.045776,793.699646,10.000000
100000.000000,-293215.562500,25413.908203,-1083.867676,86.355614,10.000000
100000.000000,118458.757812,313462.562500,341.505188,1398.292847,10.000000
100000.000000,84219.476562,255735.468750,301.798065,923.986145,10.000000
100000.000000,126022.140625,297820.781250,546.542603,945.847107,10.000000
100000.000000,137014.093750,150464.234375,501.577209,554.476562,10.000000
100000.000000,57689.394531,23257.072266,208.508408,77.519699,10.000000
100000.000000,358811.312500,268641.968750,1311.148804,983.510498,10.000000
100000.000000,142524.421875,158502.187500,521.559448,584.192200,10.000000
100000.000000,-170697.390625,557999.250000,-632.522400,2047.533081,10.000000
100000.000000,-178260.078125,138280.156250,-670.537170,496.512329,10.000000
100000.000000,137659.171875,232756.515625,502.338287,862.644775,10.000000
100000.000000,66588.992188,250447.625000,238.278122,910.521301,10.000000
100000.000000,93936.343750,112958.242188,344.367523,416.038452,10.000000
100000.000000,-93810.835938,185060.171875,-355.436981,670.604553,10.000000
100000.000000,98269.210938,114985.421875,360.202515,423.489777,10.000000
100000.000000,159145.531250,258034.640625,575.851868,956.791687,10.000000
100000.000000,528724.125000,455622.656250,1934.925293,1667.604736,10.000000
100000.000000,155970.328125,247155.781250,587.136597,876.249146,10.000000
100000.000000,1518970.625000,1585304.375000,5562.693848,5805.766602,10.000000
100000.000000,1726126.750000,1458103.250000,6321.525391,5339.733398,10.000000
100000.000000,1736668.250000,1495883.625000,6360.082031,5478.114746,10.000000
100000.000000,647607.812500,573320.812500,2370.544189,2098.638184,10.000000
100000.000000,116792.382812,265090.343750,428.110748,938.602051,10.000000
100000.000000,-98976.726562,489221.718750,-402.672302,1821.095947,10.000000
100000.000000,135626.625000,199586.265625,495.793213,737.023560,10.000000
100000.000000,293018.968750,348131.781250,1068.242554,1273.236694,10.000000
100000.000000,157415.562500,254477.359375,570.149475,943.391357,10.000000
100000.000000,115788.109375,314954.062500,474.698822,1029.895020,10.000000
100000.000000,152395.046875,219666.281250,555.660034,811.937805,10.000000
100000.000000,225424.250000,-110716.093750,827.385803,-420.861420,10.000000
100000.000000,33774.375000,254593.015625,121.436745,930.016907,10.000000
100000.000000,-67178.523438,150297.015625,-282.577026,519.186890,10.000000
100000.000000,127692.523438,139509.562500,467.362640,513.728638,10.000000
100000.000000,-63688.199219,267169.343750,-269.156769,968.558594,10.000000
100000.000000,-31978.136719,336249.968750,-145.593597,1233.762085,10.000000
100000.000000,130698.015625,204218.656250,477.868866,754.399292,10.000000
100000.000000,67339.953125,241912.062500,237.542267,873.329712,10.000000
100000.000000,152321.203125,236250.281250,554.208435,874.602783,10.000000
100000.000000,-6955.919922,681921.562500,-42.769398,2539.941650,10.000000
100000.000000,31784.105469,645844.312500,112.078735,2372.684814,10.000000
100000.000000,119331.531250,162916.687500,436.766724,600.379822,10.000000
100000.000000,139661.265625,282643.531250,498.471191,1059.213745,10.000000
100000.000000,127589.039062,227816.171875,466.362244,843.694763,10.000000
100000.000000,80621.820312,112588.585938,295.391846,414.464905,10.000000
100000.000000,102440.562500,141965.328125,375.151123,522.807312,10.000000
100000.000000,80279.421875,124270.078125,294.114441,457.499969,10.000000
100000.000000,73963.812500,101034.343750,271.050690,371.943939,10.000000
100000.000000,116492.562500,132098.312500,426.464264,486.324432,10.000000
100000.000000,80760.539062,103722.882812,295.927887,381.802277,10.000000
100000.000000,1928613.375000,1651805.250000,7062.888672,6049.032227,10.000000
100000.000000,139300.515625,118403.195312,509.716949,435.611603,10.000000
100000.000000,114539.203125,96807.109375,419.437134,356.105347,10.000000
100000.000000,132645.531250,221262.781250,484.534851,818.561035,10.000000
100000.000000,84996.132812,306124.093750,339.852753,1124.426636,10.000000
100000.000000,138873.750000,255297.234375,504.418182,949.409363,10.000000
100000.000000,101877.218750,171951.234375,373.152832,633.752747,10.000000
100000.000000,114430.960938,142525.203125,418.854431,524.791748,10.000000
100000.000000,98290.359375,148829.453125,359.946808,548.088257,10.000000
100000.000000,87492.726562,110034.843750,320.485382,404.959076,10.000000
100000.000000,114141.765625,115939.007812,417.871674,426.623993,10.000000
100000.000000,104265.039062,171157.125000,381.837433,630.806274,10.000000
100000.000000,78596.609375,122532.023438,287.895782,451.010712,10.000000
100000.000000,85583.687500,86731.273438,313.625397,319.138123,10.000000
100000.000000,114448.515625,95794.835938,419.078003,352.349762,10.000000
100000.000000,-119586.945312,88158.835938,-442.591644,318.762970,10.000000
100000.000000,-1993.046631,420647.781250,-9.397985,1538.571655,10.000000
100000.000000,98536.585938,178369.281250,361.025726,657.514282,10.000000
100000.000000,83474.507812,147572.984375,305.791138,543.349365,10.000000
100000.000000,148754.484375,131250.640625,544.041321,482.919830,10.000000
100000.000000,124368.609375,135607.968750,455.091400,499.160492,10.000000
100000.000000,73823.031250,118619.804688,270.400940,436.576996,10.000000
100000.000000,83909.843750,124738.429688,307.319855,459.109161,10.000000
100000.000000,74818.734375,267229.000000,280.681732,983.839294,10.000000
100000.000000,84795.570312,101087.273438,310.621063,371.977570,10.000000
100000.000000,141667.078125,179770.843750,517.751831,662.696960,10.000000
100000.000000,90680.000000,90530.437500,332.206818,333.063416,10.000000
100000.000000,74735.687500,95630.687500,273.818909,351.943451,10.000000
100000.000000,139019.078125,211404.125000,507.611237,781.045837,10.000000
100000.000000,75609.968750,92870.718750,277.035736,341.776733,10.000000
100000.000000,88664.101562,140582.718750,324.713623,517.530090,10.000000
100000.000000,118644.843750,163042.562500,434.133942,600.672791,10.000000
100000.000000,130361.648438,184670.171875,476.661591,681.031494,10.000000
100000.000000,105707.187500,127645.578125,386.974396,469.780151,10.000000
100000.000000,-107553.414062,-19230.630859,-406.777740,-87.596069,10.000000
100000.000000,104558.367188,131067.578125,382.764252,482.403259,10.000000
100000.000000,104760.140625,161196.593750,383.536133,593.786743,10.000000
100000.000000,117146.039062,313807.375000,596.297424,987.222534,10.000000
100000.000000,75901.273438,100826.906250,278.034119,371.030457,10.000000
100000.000000,121334.203125,100649.398438,444.117828,370.152374,10.000000
100000.000000,64146.785156,84236.531250,235.083252,310.083313,10.000000
100000.000000,85674.242188,149928.906250,313.807861,551.989502,10.000000
100000.000000,109795.453125,145926.906250,401.857758,537.269836,10.000000
100000.000000,124612.179688,209310.421875,455.716248,773.299072,10.000000
100000.000000,66403.445312,84687.539062,243.345032,311.712646,10.000000
100000.000000,85843.281250,139311.296875,314.371521,512.783936,10.000000
100000.000000,80291.875000,119356.820312,294.041901,439.219086,10.000000
100000.000000,-7672303.000000,358429.031250,-28105.726562,1311.012085,10.000000
100000.000000,-856796.750000,-272218.937500,-3140.466309,-999.138062,10.000000
100000.000000,224617.000000,1814896.875000,821.112549,6646.277832,10.000000
100000.000000,18033746.000000,31740314.000000,66056.062500,116262.015625,10.000000
100000.000000,6011.255371,86547.179688,20.875929,316.605011,10.000000
100000.000000,-43960.937500,-40117.000000,-162.166031,-147.759750,10.000000
100000.000000,-8757.510742,-16049.109375,-33.267155,-59.657055,10.000000
100000.000000,-79372.343750,-69323.406250,-291.722198,-254.640198,10.000000
100000.000000,-1857.424316,19541.644531,-8.026554,70.785957,10.000000
100000.000000,-4522.431641,154499.703125,-17.194328,566.009644,10.000000
100000.000000,-29355.158203,-23400.523438,-108.709328,-86.554855,10.000000
100000.000000,-25774.359375,44249.035156,-95.699745,161.399200,10.000000
100000.000000,-67465.804688,-69859.445312,-248.149963,-256.622375,10.000000
100000.000000,48675.250000,78972.382812,177.171127,288.930389,10.000000
100000.000000,-49101.347656,16401.699219,-181.108109,59.349014,10.000000
100000.000000,-34983.667969,27171.289062,-129.420929,98.797600,10.000000
100000.000000,-62171.363281,-74622.156250,-228.764420,-274.066162,10.000000
100000.000000,39751.468750,230614.437500,147.896713,847.384460,10.000000
100000.000000,-5119.680176,82561.843750,-19.935822,301.940338,10.000000
100000.000000,-28840.785156,33384.953125,-106.922371,121.565018,10.000000
100000.000000,-1149.145020,26455.591797,-5.431879,96.133400,10.000000
100000.000000,-95556.539062,-58601.687500,-350.949951,-215.357178,10.000000
100000.000000,-32164.972656,-458.479095,-119.040787,-2.486361,10.000000
100000.000000,206.168991,86722.562500,-0.389265,317.225250,10.000000
100000.000000,25247.580078,57903.316406,91.315834,211.510132,10.000000
100000.000000,36870.410156,106388.398438,134.064102,389.633423,10.000000
100000.000000,-18810.951172,99367.671875,-70.104012,363.547546,10.000000
100000.000000,-22929.648438,96173.726562,-85.235046,351.815948,10.000000
100000.000000,-23204.964844,80669.109375,-86.278694,294.949402,10.000000
100000.000000,-107580.179688,-100927.601562,-394.875061,-370.283569,10.000000
100000.000000,-22201.054688,80346.835938,-82.590195,293.769135,10.000000
100000.000000,16991.830078,46107.183594,61.055000,168.209549,10.000000
100000.000000,-88750.054688,-54458.347656,-326.057770,-200.196243,10.000000
100000.000000,-12452.179688,42151.832031,-46.856987,153.692413,10.000000
100000.000000,33868.742188,43432.652344,122.897247,158.405289,10.000000
100000.000000,-18218.964844,118661.148438,-67.818153,434.319672,10.000000
100000.000000,-10132.445312,106010.585938,-38.217510,387.950989,10.000000
100000.000000,-38670.343750,-11474.327148,-142.847733,-42.845860,10.000000
100000.000000,-3784.102539,74424.984375,-15.049910,272.075439,10.000000
100000.000000,20310.039062,20874.261719,73.217865,75.649933,10.000000
100000.000000,-8016.513184,143934.156250,-30.130348,527.150574,10.000000
100000.000000,-23536.453125,50171.113281,-87.495537,183.096130,10.000000
100000.000000,7133.745605,13992.709961,24.935619,50.423782,10.000000
100000.000000,-44547.585938,-54203.230469,-164.286896,-199.343765,10.000000
100000.000000,-19066.236328,80170.007812,-71.084244,293.115387,10.000000
100000.000000,4224.001465,90457.343750,14.363058,330.931030,10.000000
100000.000000,-23558.679688,75354.734375,-87.574875,275.446045,10.000000
100000.000000,-58195.046875,-6602.522461,-214.349197,-24.953947,10.000000
100000.000000,-1086.175781,105501.171875,-5.031780,386.121979,10.000000
100000.000000,-94822.179688,-86793.093750,-348.224091,-318.567627,10.000000
100000.000000,32967.183594,94904.148438,119.720459,347.390533,10.000000
100000.000000,-87730.820312,-23129.644531,-322.382233,-85.451416,10.000000
100000.000000,15583.744141,235268.765625,59.100185,863.034119,10.000000
100000.000000,-37674.554688,-53548.757812,-139.122040,-196.960358,10.000000
100000.000000,-18619.919922,140463.375000,-69.079880,514.279480,10.000000
100000.000000,12259.198242,80156.906250,43.785439,293.142761,10.000000
100000.000000,-2107.070801,55199.472656,-8.926696,201.533997,10.000000
100000.000000,-64738.304688,11969.948242,-238.345627,43.129433,10.000000
100000.000000,18720.714844,137947.921875,67.875381,505.463196,10.000000
100000.000000,10545.791992,247618.296875,41.098526,907.937012,10.000000
100000.000000,30205.607422,156975.578125,110.232323,575.608398,10.000000
100000.000000,-10480.163086,-11734.684570,-39.578758,-43.859940,10.000000
100000.000000,-129813.179688,-129837.234375,-476.168549,-476.049591,10.000000
100000.000000,-9789.862305,118987.820312,-36.859661,435.545319,10.000000
100000.000000,-43213.539062,-30360.330078,-159.449600,-112.033401,10.000000
100000.000000,-49101.703125,12103.315430,-181.106522,43.571720,10.000000
100000.000000,-26956.376953,68555.265625,-100.036942,250.489594,10.000000
100000.000000,-8573.485352,20880.009766,-32.625179,75.674706,10.000000
100000.000000,-20805.857422,144495.734375,-77.047874,529.027466,10.000000
100000.000000,41062.210938,140365.953125,149.752060,514.619690,10.000000
100000.000000,-22128.919922,39594.835938,-82.324966,144.293167,10.000000
100000.000000,-3283.914062,-9916.590820,-13.209204,-37.208332,10.000000
100000.000000,-63436.156250,-44260.640625,-233.455902,-162.903809,10.000000
100000.000000,-12099.809570,28969.996094,-45.553928,105.333481,10.000000
100000.000000,-37355.898438,78528.171875,-138.221420,287.049377,10.000000
100000.000000,-49186.195312,54530.933594,-181.578766,199.120590,10.000000
100000.000000,-34509.597656,21610.783203,-127.674332,78.381378,10.000000
100000.000000,-71194.570312,-94497.273438,-261.761475,-346.802704,10.000000
100000.000000,-61546.511719,19991.980469,-226.692749,72.521729,10.000000
100000.000000,-1410.538208,115868.820312,-6.127135,424.150421,10.000000
100000.000000,4468.922363,25915.283203,15.177405,94.125977,10.000000
100000.000000,13122.410156,85730.609375,46.985390,313.588806,10.000000
100000.000000,-43977.082031,58965.019531,-162.482910,215.346024,10.000000
100000.000000,-99453.546875,-82686.585938,-365.176575,-303.530731,10.000000
100000.000000,-24264.685547,70409.414062,-90.149124,257.278259,10.000000
100000.000000,9654.441406,96547.570312,34.327038,353.282928,10.000000
100000.000000,-53017.332031,-58707.914062,-195.289276,-215.825806,10.000000
100000.000000,-24667.005859,-28974.537109,-91.522064,-106.991798,10.000000
100000.000000,-27679.816406,39347.832031,-102.662804,143.389984,10.000000
100000.000000,-46057.570312,55602.570312,-170.095657,203.023575,10.000000
100000.000000,-40437.882812,20260.417969,-149.387787,73.441925,10.000000
100000.000000,-9329.319336,139202.921875,-34.950153,509.722992,10.000000
100000.000000,-111211.328125,-91677.945312,-408.174255,-336.424927,10.000000
100000.000000,-69890.367188,-1510.921631,-257.167633,-6.277036,10.000000
100000.000000,-109760.320312,-61111.695312,-402.906158,-224.529297,10.000000
100000.000000,-87734.804688,-20943.462891,-322.405670,-77.445320,10.000000
100000.000000,-40819.000000,67701.000000,-150.892548,247.351303,10.000000
100000.000000,-26999.003906,65862.382812,-100.166382,240.599319,10.000000
100000.000000,-10323.956055,99868.000000,-38.896290,365.364594,10.000000
100000.000000,-23679.824219,130140.789062,-87.701996,476.324127,10.000000
