Mass,x_pos,y_pos,x_vel,y_vel,radius
559 
100000.000000,161285.953125,176622.203125,576.081970,635.938477,10.000000
100000.000000,212611.765625,220728.562500,757.027100,793.720032,10.000000
100000.000000,-300260.750000,25975.218750,-1083.866089,86.356743,10.000000
100000.000000,119257.000000,321331.718750,246.576202,824.605408,10.000000
100000.000000,86181.351562,261741.718750,301.851807,924.081299,10.000000
100000.000000,129572.398438,303973.093750,545.913757,947.043091,10.000000
100000.000000,140274.250000,154068.406250,501.575073,554.494629,10.000000
100000.000000,59044.695312,23760.966797,208.509598,77.525200,10.000000
100000.000000,367333.625000,275034.718750,1311.140869,983.512085,10.000000
100000.000000,145914.578125,162299.500000,521.556274,584.211792,10.000000
100000.000000,-174808.843750,571308.000000,-632.520020,2047.531494,10.000000
100000.000000,-182618.531250,141507.406250,-670.533447,496.514374,10.000000
100000.000000,140924.312500,238363.937500,502.321350,862.712891,10.000000
100000.000000,68137.960938,256366.218750,238.324402,910.579590,10.000000
100000.000000,96174.781250,115662.546875,344.368927,416.050476,10.000000
100000.000000,-96121.179688,189419.031250,-355.430084,670.608521,10.000000
100000.000000,100610.531250,117738.156250,360.203705,423.502075,10.000000
100000.000000,162888.359375,264254.125000,575.791809,956.872742,10.000000
100000.000000,541300.812500,466462.218750,1934.922119,1667.603149,10.000000
100000.000000,159786.562500,252851.656250,587.095581,876.320557,10.000000
100000.000000,1555128.500000,1623041.750000,5562.693848,5805.766602,10.000000
100000.000000,1767216.500000,1492811.625000,6321.525391,5339.733398,10.000000
100000.000000,1778008.250000,1531490.625000,6360.082031,5478.114746,10.000000
100000.000000,663016.062500,586961.875000,2370.544189,2098.638184,10.000000
100000.000000,119575.093750,271191.968750,428.113281,938.804871,10.000000
100000.000000,-101594.093750,501058.812500,-402.667297,1821.091553,10.000000
100000.000000,138849.203125,204377.046875,495.787476,737.059814,10.000000
100000.000000,299962.593750,356407.906250,1068.227051,1273.233521,10.000000
100000.000000,161121.343750,260609.687500,570.096436,943.470886,10.000000
100000.000000,119786.203125,321595.187500,841.279358,1073.579224,10.000000
100000.000000,156006.812500,224944.015625,555.643188,811.983398,10.000000
100000.000000,230802.187500,-113451.679688,827.385010,-420.859039,10.000000
100000.000000,34563.847656,260638.218750,121.474869,930.044250,10.000000
100000.000000,-69015.281250,153671.734375,-282.570984,519.192444,10.000000
100000.000000,130730.359375,142848.875000,467.361847,513.744751,10.000000
100000.000000,-65437.671875,273465.000000,-269.143097,968.562195,10.000000
100000.000000,-32924.417969,344269.343750,-145.572083,1233.758911,10.000000
100000.000000,133804.203125,209122.390625,477.864105,754.439209,10.000000
100000.000000,68884.101562,247588.890625,237.578491,873.382202,10.000000
100000.000000,155923.453125,241935.421875,554.180908,874.664612,10.000000
100000.000000,-7233.917480,698431.562500,-42.768341,2539.938477,10.000000
100000.000000,32512.613281,661266.375000,112.079811,2372.681641,10.000000
100000.000000,122170.507812,166819.234375,436.766327,600.401489,10.000000
100000.000000,142900.656250,289529.343750,498.282043,1059.484741,10.000000
100000.000000,130620.375000,233300.421875,466.354675,843.759460,10.000000
100000.000000,82541.859375,115282.632812,295.393829,414.476532,10.000000
100000.000000,104879.078125,145363.609375,375.152710,522.823792,10.000000
100000.000000,82191.132812,127243.875000,294.116852,457.512909,10.000000
100000.000000,75725.617188,103452.031250,271.052673,371.954163,10.000000
100000.000000,119264.609375,135259.500000,426.464264,486.339325,10.000000
100000.000000,82684.046875,106204.648438,295.929871,381.812958,10.000000
100000.000000,1974522.875000,1691123.750000,7062.888672,6049.032227,10.000000
100000.000000,142613.687500,121234.718750,509.715424,435.624268,10.000000
100000.000000,117265.546875,99121.820312,419.437134,356.115814,10.000000
100000.000000,135794.984375,226583.625000,484.525909,818.615906,10.000000
100000.000000,87206.687500,313433.250000,340.282074,1124.537842,10.000000
100000.000000,142152.312500,261468.812500,504.375580,949.527039,10.000000
100000.000000,104302.734375,176070.718750,373.155548,633.776794,10.000000
100000.000000,117153.546875,145936.437500,418.854828,524.808533,10.000000
100000.000000,100630.054688,152392.062500,359.948792,548.105957,10.000000
100000.000000,89575.875000,112667.125000,320.486969,404.970551,10.000000
100000.000000,116857.953125,118712.101562,417.872070,426.636536,10.000000
100000.000000,106747.023438,175257.437500,381.839661,630.830139,10.000000
100000.000000,80467.898438,125463.625000,287.898315,451.023376,10.000000
100000.000000,87622.250000,88805.687500,313.626587,319.147400,10.000000
100000.000000,117172.523438,98085.156250,419.078003,352.360168,10.000000
100000.000000,-122463.804688,90230.812500,-442.588348,318.766144,10.000000
100000.000000,-2054.082275,430648.437500,-9.383454,1538.558960,10.000000
100000.000000,100883.289062,182643.234375,361.029297,657.540222,10.000000
100000.000000,85462.187500,151104.812500,305.794617,543.366089,10.000000
100000.000000,152290.687500,134389.718750,544.038940,482.933960,10.000000
100000.000000,127326.718750,138852.546875,455.090790,499.175964,10.000000
100000.000000,75580.671875,121457.593750,270.403717,436.589050,10.000000
100000.000000,85907.460938,127722.687500,307.322235,459.122345,10.000000
100000.000000,76643.445312,273624.312500,280.763641,983.930237,10.000000
100000.000000,86814.632812,103505.171875,310.622650,371.988098,10.000000
100000.000000,145032.453125,184078.468750,517.747070,662.722961,10.000000
100000.000000,92839.320312,92695.375000,332.208008,333.073090,10.000000
100000.000000,76515.500000,97918.367188,273.820892,351.953217,10.000000
100000.000000,142318.468750,216481.093750,507.602081,781.089600,10.000000
100000.000000,77410.671875,95092.296875,277.037628,341.786316,10.000000
100000.000000,90774.773438,143946.671875,324.716278,517.545837,10.000000
100000.000000,121466.757812,166947.031250,434.133942,600.694458,10.000000
100000.000000,133459.921875,189096.984375,476.658813,681.060486,10.000000
100000.000000,108222.484375,130699.195312,386.975189,469.794250,10.000000
100000.000000,-110197.492188,-19799.992188,-406.776154,-87.593536,10.000000
100000.000000,107046.343750,134203.218750,382.765442,482.417877,10.000000
100000.000000,107253.093750,165056.281250,383.537720,593.807678,10.000000
100000.000000,120029.789062,322353.343750,-145.286407,1096.936890,10.000000
100000.000000,77708.476562,103238.632812,278.036102,371.040710,10.000000
100000.000000,124221.015625,103055.414062,444.117798,370.163239,10.000000
100000.000000,65674.835938,86252.117188,235.085236,310.091949,10.000000
100000.000000,87714.023438,153516.906250,313.811157,552.006836,10.000000
100000.000000,112407.539062,149419.234375,401.858551,537.287231,10.000000
100000.000000,127574.351562,214337.031250,455.713165,773.343506,10.000000
100000.000000,67985.179688,86713.710938,243.347015,311.721375,10.000000
100000.000000,87886.718750,142644.421875,314.374298,512.799316,10.000000
100000.000000,82203.179688,122211.789062,294.044281,439.231445,10.000000
100000.000000,-7854992.000000,366950.531250,-28105.726562,1311.012085,10.000000
100000.000000,-877210.000000,-278713.250000,-3140.466309,-999.138062,10.000000
100000.000000,229954.312500,1858097.500000,821.112549,6646.277832,10.000000
100000.000000,18463110.000000,32496030.000000,66056.062500,116262.015625,10.000000
100000.000000,6146.960449,88605.140625,20.879299,316.611908,10.000000
100000.000000,-45015.003906,-41077.425781,-162.164642,-147.756775,10.000000
100000.000000,-8973.742188,-16436.867188,-33.265743,-59.653362,10.000000
100000.000000,-81268.515625,-70978.570312,-291.721008,-254.637817,10.000000
100000.000000,-1909.590454,20001.767578,-8.024721,70.790497,10.000000
100000.000000,-4634.168457,158178.781250,-17.186932,566.019226,10.000000
100000.000000,-30061.759766,-23963.119141,-108.707870,-86.551521,10.000000
100000.000000,-26396.402344,45298.144531,-95.697266,161.403870,10.000000
100000.000000,-69078.820312,-71527.507812,-248.148773,-256.619995,10.000000
100000.000000,49826.867188,80850.476562,177.173447,288.938293,10.000000
100000.000000,-50278.558594,16787.480469,-181.106049,59.352718,10.000000
100000.000000,-35824.910156,27813.488281,-129.418747,98.801735,10.000000
100000.000000,-63658.339844,-76403.562500,-228.763229,-274.063782,10.000000
100000.000000,40712.890625,236122.546875,147.922287,847.412170,10.000000
100000.000000,-5249.250977,84524.460938,-19.932468,301.946686,10.000000
100000.000000,-29535.777344,34175.144531,-106.920097,121.569389,10.000000
100000.000000,-1184.445312,27080.474609,-5.429937,96.138123,10.000000
100000.000000,-97837.734375,-60001.507812,-350.948761,-215.354813,10.000000
100000.000000,-32938.726562,-474.627472,-119.039040,-2.482684,10.000000
100000.000000,203.650909,88784.570312,-0.385818,317.231995,10.000000
100000.000000,25841.136719,59278.156250,91.318085,211.516388,10.000000
100000.000000,37741.835938,108921.062500,134.067673,389.642670,10.000000
100000.000000,-19266.613281,101730.726562,-70.099930,363.553955,10.000000
100000.000000,-23483.662109,98460.546875,-85.231079,351.822144,10.000000
100000.000000,-23765.765625,82586.304688,-86.275269,294.955078,10.000000
100000.000000,-110146.867188,-103334.429688,-394.873871,-370.281586,10.000000
100000.000000,-22737.878906,82256.343750,-82.586784,293.774841,10.000000
100000.000000,17388.691406,47200.558594,61.057114,168.215195,10.000000
100000.000000,-90869.460938,-55759.617188,-326.056580,-200.193863,10.000000
100000.000000,-12756.742188,43150.851562,-46.854652,153.697311,10.000000
100000.000000,34667.582031,44462.304688,122.899055,158.411163,10.000000
100000.000000,-18659.763672,121484.273438,-67.813194,434.326813,10.000000
100000.000000,-10380.843750,108532.281250,-38.213196,387.958069,10.000000
100000.000000,-39598.828125,-11752.813477,-142.846146,-42.842445,10.000000
100000.000000,-3881.916016,76193.492188,-15.046829,272.081512,10.000000
100000.000000,20785.960938,21366.003906,73.219482,75.654846,10.000000
100000.000000,-8212.336914,147360.671875,-30.123823,527.159302,10.000000
100000.000000,-24105.164062,51361.257812,-87.492935,183.100998,10.000000
100000.000000,7295.833008,14320.480469,24.937284,50.428310,10.000000
100000.000000,-45615.464844,-55498.964844,-164.285706,-199.340988,10.000000
100000.000000,-19528.269531,82075.296875,-71.080856,293.121216,10.000000
100000.000000,4317.373535,92608.437500,14.366593,330.938049,10.000000
100000.000000,-24127.906250,77145.179688,-87.571625,275.451599,10.000000
100000.000000,-59588.324219,-6764.712402,-214.347412,-24.950705,10.000000
100000.000000,-1118.867310,108010.984375,-5.027557,386.129456,10.000000
100000.000000,-97085.601562,-88863.750000,-348.222900,-318.565643,10.000000
100000.000000,33745.375000,97162.195312,119.723671,347.398865,10.000000
100000.000000,-89826.257812,-23685.066406,-322.380646,-85.448700,10.000000
100000.000000,15967.977539,240878.531250,59.123547,863.052307,10.000000
100000.000000,-38578.855469,-54829.003906,-139.120850,-196.957504,10.000000
100000.000000,-19068.916016,143806.203125,-69.073639,514.287415,10.000000
100000.000000,12543.814453,82062.343750,43.788509,293.149567,10.000000
100000.000000,-2165.085205,56509.468750,-8.924156,201.539490,10.000000
100000.000000,-66287.539062,12250.301758,-238.343613,43.132835,10.000000
100000.000000,19161.923828,141233.468750,67.881271,505.473724,10.000000
100000.000000,10813.028320,253519.906250,41.124817,907.953552,10.000000
100000.000000,30922.144531,160717.140625,110.239700,575.621765,10.000000
100000.000000,-10737.420898,-12019.761719,-39.577290,-43.856190,10.000000
100000.000000,-132908.234375,-132931.593750,-476.167755,-476.048004,10.000000
100000.000000,-10029.433594,121818.875000,-36.854710,435.552917,10.000000
100000.000000,-44249.945312,-31088.533203,-159.448212,-112.030296,10.000000
100000.000000,-50278.886719,12386.543945,-181.104538,43.575359,10.000000
100000.000000,-27606.605469,70183.468750,-100.033867,250.494843,10.000000
100000.000000,-8785.541992,21371.912109,-32.623268,75.679161,10.000000
100000.000000,-21306.646484,147934.437500,-77.041389,529.035400,10.000000
100000.000000,42035.621094,143711.015625,149.757538,514.632263,10.000000
100000.000000,-22664.027344,40532.765625,-82.322617,144.297806,10.000000
100000.000000,-3369.769043,-10158.431641,-13.207764,-37.204464,10.000000
100000.000000,-64953.601562,-45319.503906,-233.454514,-162.901031,10.000000
100000.000000,-12395.903320,29654.679688,-45.551849,105.338066,10.000000
100000.000000,-38254.320312,80393.976562,-138.218033,287.054535,10.000000
100000.000000,-50366.453125,55825.242188,-181.575989,199.124969,10.000000
100000.000000,-35339.464844,22120.277344,-127.672241,78.385414,10.000000
100000.000000,-72896.046875,-96751.453125,-261.760284,-346.800385,10.000000
100000.000000,-63020.011719,20463.382812,-226.690567,72.525291,10.000000
100000.000000,-1450.347900,118625.835938,-6.122401,424.158356,10.000000
100000.000000,4567.582031,26527.117188,15.179283,94.130768,10.000000
100000.000000,13427.827148,87768.968750,46.988632,313.595947,10.000000
100000.000000,-45033.218750,60364.789062,-162.480011,215.350616,10.000000
100000.000000,-101827.164062,-84659.539062,-365.175385,-303.528748,10.000000
100000.000000,-24850.644531,72081.742188,-90.146004,257.283630,10.000000
100000.000000,9877.580078,98843.921875,34.330742,353.290436,10.000000
100000.000000,-54286.710938,-60110.773438,-195.288086,-215.823135,10.000000
100000.000000,-25261.892578,-29669.972656,-91.520676,-106.988487,10.000000
100000.000000,-28347.113281,40279.871094,-102.660416,143.394501,10.000000
100000.000000,-47163.179688,56922.234375,-170.092865,203.028030,10.000000
100000.000000,-41408.894531,20737.804688,-149.385681,73.445839,10.000000
100000.000000,-9556.473633,142516.093750,-34.943974,509.731567,10.000000
100000.000000,-113864.445312,-93864.687500,-408.173065,-336.422943,10.000000
100000.000000,-71561.984375,-1551.711670,-257.165649,-6.273880,10.000000
100000.000000,-112379.210938,-62571.140625,-402.904968,-224.527115,10.000000
100000.000000,-89830.445312,-21446.849609,-322.404083,-77.442589,10.000000
100000.000000,-41799.789062,69308.835938,-150.889435,247.356155,10.000000
100000.000000,-27650.072266,67426.304688,-100.163376,240.604507,10.000000
100000.000000,-10576.767578,102242.906250,-38.892239,365.371368,10.000000
100000.000000,-24249.865234,133236.937500,-87.696426,476.331390,10.000000
