Mass,x_pos,y_pos,x_vel,y_vel,radius
590 
100000.000000,170215.046875,186479.625000,576.068359,635.987000,10.000000
100000.000000,224345.390625,233031.546875,756.985840,793.765259,10.000000
100000.000000,-317060.812500,27313.773438,-1083.862305,86.359238,10.000000
100000.000000,125346.710938,336254.687500,433.107361,1027.063721,10.000000
100000.000000,90861.023438,276066.718750,301.969910,924.290466,10.000000
100000.000000,138024.109375,318670.968750,544.729858,949.269836,10.000000
100000.000000,148048.468750,162663.406250,501.570343,554.534546,10.000000
100000.000000,62276.582031,24962.705078,208.512009,77.537346,10.000000
100000.000000,387656.062500,290278.968750,1311.122314,983.515869,10.000000
100000.000000,153998.796875,171355.140625,521.548706,584.255188,10.000000
100000.000000,-184612.953125,603044.250000,-632.514343,2047.527710,10.000000
100000.000000,-193011.765625,149203.515625,-670.525879,496.519104,10.000000
100000.000000,148709.968750,251737.203125,502.283813,862.863464,10.000000
100000.000000,71832.812500,270481.218750,238.426285,910.708069,10.000000
100000.000000,101512.593750,122111.554688,344.371765,416.076935,10.000000
100000.000000,-101630.218750,199813.687500,-355.414856,670.617981,10.000000
100000.000000,106193.679688,124302.656250,360.206543,423.529266,10.000000
100000.000000,171812.031250,279087.093750,575.658569,957.052185,10.000000
100000.000000,571291.375000,492310.406250,1934.917725,1667.601562,10.000000
100000.000000,168885.812500,266435.875000,587.005920,876.476624,10.000000
100000.000000,1641351.125000,1713030.875000,5562.693848,5805.766602,10.000000
100000.000000,1865199.750000,1575577.750000,6321.525391,5339.733398,10.000000
100000.000000,1876588.250000,1616399.625000,6360.082031,5478.114746,10.000000
100000.000000,699758.812500,619490.562500,2370.544189,2098.638184,10.000000
100000.000000,126210.867188,285747.062500,428.118561,939.246704,10.000000
100000.000000,-107835.328125,529285.437500,-402.656372,1821.083984,10.000000
100000.000000,146533.812500,215802.109375,495.774750,737.139832,10.000000
100000.000000,316519.718750,376143.281250,1068.193359,1273.225952,10.000000
100000.000000,169956.875000,275234.875000,569.979004,943.646912,10.000000
100000.000000,125550.984375,342321.468750,336.283142,1197.365112,10.000000
100000.000000,164618.984375,237530.578125,555.605957,812.084229,10.000000
100000.000000,243626.500000,-119975.000000,827.383118,-420.853363,10.000000
100000.000000,36447.398438,275054.343750,121.558968,930.104431,10.000000
100000.000000,-73395.007812,161719.187500,-282.557617,519.204102,10.000000
100000.000000,137974.656250,150812.218750,467.359955,513.780334,10.000000
100000.000000,-69609.148438,288477.718750,-269.113037,968.569763,10.000000
100000.000000,-35180.398438,363392.468750,-145.524780,1233.751343,10.000000
100000.000000,141210.984375,220816.921875,477.853424,754.527466,10.000000
100000.000000,72567.218750,261127.250000,237.658157,873.497620,10.000000
100000.000000,164512.765625,255493.843750,554.119873,874.801208,10.000000
100000.000000,-7896.808105,737799.875000,-42.766010,2539.930908,10.000000
100000.000000,34249.835938,698042.062500,112.082146,2372.674072,10.000000
100000.000000,128940.375000,176125.828125,436.765381,600.449097,10.000000
100000.000000,150620.593750,305956.250000,497.857880,1060.090332,10.000000
100000.000000,137848.718750,246379.859375,466.337891,843.902649,10.000000
100000.000000,87120.421875,121707.242188,295.398560,414.502075,10.000000
100000.000000,110694.000000,153467.656250,375.155609,522.860168,10.000000
100000.000000,86750.062500,134335.515625,294.122528,457.541565,10.000000
100000.000000,79926.984375,109217.492188,271.057404,371.976776,10.000000
100000.000000,125874.875000,142798.031250,426.464264,486.372253,10.000000
100000.000000,87271.078125,112122.921875,295.933807,381.836548,10.000000
100000.000000,2083999.375000,1784883.250000,7062.888672,6049.032227,10.000000
100000.000000,150514.328125,127987.117188,509.712585,435.652222,10.000000
100000.000000,123766.828125,104641.820312,419.437134,356.138885,10.000000
100000.000000,143304.968750,239273.156250,484.506104,818.737244,10.000000
100000.000000,92488.882812,330865.625000,341.247833,1124.789307,10.000000
100000.000000,149969.375000,276188.593750,504.280914,949.788208,10.000000
100000.000000,110086.656250,185894.656250,373.161224,633.829712,10.000000
100000.000000,123645.867188,154071.281250,418.855774,524.845581,10.000000
100000.000000,106209.328125,160888.031250,359.953522,548.145142,10.000000
100000.000000,94543.382812,118944.367188,320.490753,404.995941,10.000000
100000.000000,123335.015625,125325.187500,417.872345,426.664307,10.000000
100000.000000,112665.601562,185035.750000,381.844391,630.882812,10.000000
100000.000000,84930.445312,132454.765625,287.903992,451.051331,10.000000
100000.000000,92483.437500,93752.656250,313.629425,319.167969,10.000000
100000.000000,123668.234375,103546.906250,419.078003,352.383026,10.000000
100000.000000,-129323.835938,95171.679688,-442.580933,318.773163,10.000000
100000.000000,-2199.265381,454496.125000,-9.351383,1538.530518,10.000000
100000.000000,106479.273438,192835.578125,361.037262,657.597717,10.000000
100000.000000,90202.039062,159527.296875,305.802185,543.403137,10.000000
100000.000000,160723.171875,141875.453125,544.033264,482.965210,10.000000
100000.000000,134380.671875,146590.062500,455.089844,499.210083,10.000000
100000.000000,79771.968750,128224.929688,270.409515,436.615601,10.000000
100000.000000,90671.046875,134839.343750,307.327301,459.151367,10.000000
100000.000000,80996.750000,288876.875000,280.944855,984.131592,10.000000
100000.000000,91629.320312,109271.171875,310.626434,372.011322,10.000000
100000.000000,153057.578125,194351.156250,517.736816,662.780457,10.000000
100000.000000,97988.468750,97858.187500,332.210846,333.094482,10.000000
100000.000000,80759.835938,103373.804688,273.825073,351.974854,10.000000
100000.000000,150186.171875,228588.765625,507.581909,781.186340,10.000000
100000.000000,81704.812500,100390.164062,277.041412,341.807434,10.000000
100000.000000,95807.914062,151968.937500,324.721954,517.580566,10.000000
100000.000000,128195.937500,176258.187500,434.133942,600.742126,10.000000
100000.000000,140848.093750,199653.937500,476.652374,681.124512,10.000000
100000.000000,114220.570312,137981.265625,386.977081,469.825378,10.000000
100000.000000,-116502.531250,-21157.652344,-406.772369,-87.587936,10.000000
100000.000000,112979.210938,141680.953125,382.767456,482.450195,10.000000
100000.000000,113197.992188,174260.656250,383.541504,593.853760,10.000000
100000.000000,126466.078125,339153.218750,626.457825,1058.570068,10.000000
100000.000000,82018.054688,108989.960938,278.040649,371.063385,10.000000
100000.000000,131104.953125,108793.156250,444.117798,370.187134,10.000000
100000.000000,69318.757812,91058.695312,235.089645,310.111023,10.000000
100000.000000,92578.117188,162073.296875,313.818604,552.045044,10.000000
100000.000000,118636.359375,157747.468750,401.860443,537.325562,10.000000
100000.000000,134637.953125,226324.656250,455.706543,773.441895,10.000000
100000.000000,71757.007812,91545.531250,243.351303,311.740631,10.000000
100000.000000,92759.531250,150593.109375,314.380432,512.833313,10.000000
100000.000000,86760.906250,129020.093750,294.049469,439.258667,10.000000
100000.000000,-8290635.000000,387271.031250,-28105.726562,1311.012085,10.000000
100000.000000,-925887.750000,-294199.687500,-3140.466309,-999.138062,10.000000
100000.000000,242681.750000,1961114.375000,821.112549,6646.277832,10.000000
100000.000000,19486978.000000,34298120.000000,66056.062500,116262.015625,10.000000
100000.000000,6470.649902,93512.750000,20.886742,316.627136,10.000000
100000.000000,-47528.546875,-43367.601562,-162.161713,-147.750244,10.000000
100000.000000,-9489.337891,-17361.425781,-33.262634,-59.645210,10.000000
100000.000000,-85790.156250,-74925.484375,-291.718170,-254.632568,10.000000
100000.000000,-2033.940674,21099.103516,-8.020675,70.800499,10.000000
100000.000000,-4900.432617,166952.265625,-17.170601,566.040710,10.000000
100000.000000,-31746.708984,-25304.607422,-108.704666,-86.544128,10.000000
100000.000000,-27879.660156,47799.992188,-95.691811,161.414185,10.000000
100000.000000,-72925.023438,-75505.070312,-248.146164,-256.614441,10.000000
100000.000000,52573.101562,85329.156250,177.178513,288.955719,10.000000
100000.000000,-53085.644531,17707.513672,-181.101486,59.360901,10.000000
100000.000000,-37830.843750,29344.988281,-129.413895,98.810852,10.000000
100000.000000,-67204.203125,-80651.531250,-228.760818,-274.058258,10.000000
100000.000000,43006.144531,249257.937500,147.978806,847.473389,10.000000
100000.000000,-5558.144043,89204.734375,-19.925058,301.960693,10.000000
100000.000000,-31192.994141,36059.546875,-106.915085,121.579041,10.000000
100000.000000,-1268.574341,28570.703125,-5.425651,96.148529,10.000000
100000.000000,-103277.507812,-63339.457031,-350.945923,-215.349701,10.000000
100000.000000,-34783.832031,-513.042969,-119.035172,-2.474567,10.000000
100000.000000,197.732651,93701.781250,-0.378210,317.246735,10.000000
100000.000000,27256.611328,62556.773438,91.323044,211.530212,10.000000
100000.000000,39819.949219,114960.671875,134.075562,389.663147,10.000000
100000.000000,-20353.087891,107365.937500,-70.090927,363.568207,10.000000
100000.000000,-24804.671875,103913.882812,-85.222321,351.835785,10.000000
100000.000000,-25102.972656,87158.218750,-86.267715,294.967712,10.000000
100000.000000,-116267.429688,-109073.789062,-394.871643,-370.277222,10.000000
100000.000000,-24017.914062,86809.953125,-82.579277,293.787506,10.000000
100000.000000,18335.117188,49808.000000,61.061775,168.227631,10.000000
100000.000000,-95923.343750,-58862.574219,-326.053741,-200.188507,10.000000
100000.000000,-13482.946289,45533.246094,-46.849491,153.708145,10.000000
100000.000000,36572.531250,46917.785156,122.903046,158.424118,10.000000
100000.000000,-19710.781250,128216.468750,-67.802246,434.342590,10.000000
100000.000000,-10973.070312,114545.757812,-38.203663,387.973663,10.000000
100000.000000,-41812.906250,-12416.810547,-142.842529,-42.834900,10.000000
100000.000000,-4115.086426,80410.875000,-15.040030,272.095062,10.000000
100000.000000,21920.892578,22538.740234,73.223076,75.665680,10.000000
100000.000000,-8679.137695,155531.781250,-30.109417,527.178955,10.000000
100000.000000,-25461.259766,54199.406250,-87.487221,183.111755,10.000000
100000.000000,7682.390625,15102.200195,24.940954,50.438316,10.000000
100000.000000,-48161.847656,-58588.691406,-164.282928,-199.334808,10.000000
100000.000000,-20629.962891,86618.765625,-71.073395,293.134033,10.000000
100000.000000,4540.119141,97738.101562,14.374399,330.953583,10.000000
100000.000000,-25485.208984,81414.765625,-87.564438,275.463745,10.000000
100000.000000,-62910.652344,-7151.390137,-214.343521,-24.943548,10.000000
100000.000000,-1196.718628,113996.117188,-5.018238,386.145935,10.000000
100000.000000,-102482.992188,-93801.468750,-348.220123,-318.560913,10.000000
100000.000000,35601.144531,102547.039062,119.730743,347.417236,10.000000
100000.000000,-94823.070312,-25009.474609,-322.376862,-85.442719,10.000000
100000.000000,16884.812500,254256.187500,59.175140,863.092468,10.000000
100000.000000,-40735.171875,-57881.785156,-139.118149,-196.951172,10.000000
100000.000000,-20139.445312,151777.796875,-69.059875,514.305054,10.000000
100000.000000,13222.591797,86606.281250,43.795277,293.164673,10.000000
100000.000000,-2303.364014,59633.425781,-8.918552,201.551666,10.000000
100000.000000,-69981.867188,12918.921875,-238.339096,43.140339,10.000000
100000.000000,20214.189453,149068.515625,67.894264,505.497009,10.000000
100000.000000,11450.937500,267593.625000,41.182873,907.990051,10.000000
100000.000000,32630.992188,169639.515625,110.255966,575.651123,10.000000
100000.000000,-11350.840820,-12699.465820,-39.574043,-43.847912,10.000000
100000.000000,-140288.656250,-140310.218750,-476.165863,-476.044220,10.000000
100000.000000,-10600.591797,128570.070312,-36.843781,435.569733,10.000000
100000.000000,-46721.347656,-32824.945312,-159.444977,-112.023453,10.000000
100000.000000,-53085.960938,13062.027344,-181.100113,43.583393,10.000000
100000.000000,-29157.072266,74066.218750,-100.027077,250.506424,10.000000
100000.000000,-9291.167969,22545.017578,-32.619049,75.688995,10.000000
100000.000000,-22500.667969,156134.609375,-77.027069,529.053040,10.000000
100000.000000,44356.953125,151688.046875,149.769638,514.659790,10.000000
100000.000000,-23939.982422,42769.457031,-82.317413,144.308060,10.000000
100000.000000,-3574.463379,-10735.032227,-13.204587,-37.195919,10.000000
100000.000000,-68572.125000,-47844.429688,-233.451477,-162.895020,10.000000
100000.000000,-13101.917969,31287.501953,-45.547264,105.348183,10.000000
100000.000000,-40396.636719,84843.445312,-138.210541,287.066071,10.000000
100000.000000,-53180.824219,58911.753906,-181.569794,199.134598,10.000000
100000.000000,-37318.367188,23335.326172,-127.667618,78.394318,10.000000
100000.000000,-76953.414062,-102126.804688,-261.758331,-346.795654,10.000000
100000.000000,-66533.664062,21587.587891,-226.685776,72.533165,10.000000
100000.000000,-1545.160156,125200.429688,-6.111953,424.175842,10.000000
100000.000000,4802.895020,27986.232422,15.183429,94.141357,10.000000
100000.000000,14156.209961,92629.835938,46.995789,313.611603,10.000000
100000.000000,-47551.605469,63702.804688,-162.473633,215.360718,10.000000
100000.000000,-107487.328125,-89364.273438,-365.172546,-303.524017,10.000000
100000.000000,-26247.853516,76069.742188,-90.139122,257.295471,10.000000
100000.000000,10409.772461,104320.062500,34.338924,353.306976,10.000000
100000.000000,-57313.691406,-63455.988281,-195.285324,-215.817230,10.000000
100000.000000,-26680.445312,-31328.234375,-91.517670,-106.981178,10.000000
100000.000000,-29938.308594,42502.574219,-102.655167,143.404480,10.000000
100000.000000,-49799.566406,60069.253906,-170.086609,203.037888,10.000000
100000.000000,-43724.328125,21876.285156,-149.381058,73.454468,10.000000
100000.000000,-10097.994141,150417.156250,-34.930321,509.750458,10.000000
100000.000000,-120191.109375,-99079.226562,-408.170349,-336.418427,10.000000
100000.000000,-75547.992188,-1648.900024,-257.161682,-6.266916,10.000000
100000.000000,-118624.257812,-66051.234375,-402.902130,-224.522247,10.000000
100000.000000,-94827.742188,-22647.160156,-322.400299,-77.436562,10.000000
100000.000000,-44138.515625,73142.906250,-150.882584,247.366867,10.000000
100000.000000,-29202.548828,71155.750000,-100.156746,240.615906,10.000000
100000.000000,-11179.525391,107906.281250,-38.883297,365.386414,10.000000
100000.000000,-25609.060547,140620.265625,-87.684128,476.347473,10.000000
