Mass,x_pos,y_pos,x_vel,y_vel,radius
596 
100000.000000,171943.234375,188387.625000,576.065796,635.995789,10.000000
100000.000000,226616.312500,235412.890625,756.978333,793.773376,10.000000
100000.000000,-320312.437500,27572.851562,-1083.861572,86.359695,10.000000
100000.000000,126656.632812,339362.312500,438.950562,1041.845459,10.000000
100000.000000,91766.968750,278839.656250,301.991272,924.328308,10.000000
100000.000000,139657.937500,321519.375000,544.539917,949.624084,10.000000
100000.000000,149553.156250,164327.000000,501.569427,554.541870,10.000000
100000.000000,62902.128906,25195.322266,208.512466,77.539551,10.000000
100000.000000,391589.437500,293229.468750,1311.119385,983.516602,10.000000
100000.000000,155563.484375,173107.890625,521.547546,584.263062,10.000000
100000.000000,-186510.453125,609186.750000,-632.513245,2047.526978,10.000000
100000.000000,-195023.359375,150693.109375,-670.524414,496.520020,10.000000
100000.000000,150216.812500,254325.843750,502.276978,862.890808,10.000000
100000.000000,72548.117188,273213.406250,238.444748,910.731323,10.000000
100000.000000,102545.718750,123359.789062,344.372314,416.081696,10.000000
100000.000000,-102696.445312,201825.562500,-355.412109,670.619812,10.000000
100000.000000,107274.289062,125573.250000,360.207092,423.534210,10.000000
100000.000000,173538.968750,281958.281250,575.634277,957.084900,10.000000
100000.000000,577096.000000,497313.281250,1934.916992,1667.601562,10.000000
100000.000000,170646.812500,269065.375000,586.989746,876.504761,10.000000
100000.000000,1658039.375000,1730448.125000,5562.693848,5805.766602,10.000000
100000.000000,1884164.250000,1591597.000000,6321.525391,5339.733398,10.000000
100000.000000,1895668.250000,1632833.625000,6360.082031,5478.114746,10.000000
100000.000000,706870.312500,625786.437500,2370.544189,2098.638184,10.000000
100000.000000,127495.242188,288564.937500,428.119476,939.326111,10.000000
100000.000000,-109043.296875,534748.812500,-402.654358,1821.082520,10.000000
100000.000000,148021.156250,218013.578125,495.772369,737.154419,10.000000
100000.000000,319724.281250,379963.031250,1068.187500,1273.224487,10.000000
100000.000000,171666.781250,278065.906250,569.957581,943.678955,10.000000
100000.000000,126582.351562,345870.843750,349.098663,1173.542725,10.000000
100000.000000,166285.765625,239966.859375,555.599182,812.102539,10.000000
100000.000000,246108.625000,-121237.578125,827.382751,-420.852417,10.000000
100000.000000,36812.105469,277844.718750,121.574234,930.115417,10.000000
100000.000000,-74242.695312,163276.843750,-282.555237,519.206299,10.000000
100000.000000,139376.781250,152353.562500,467.359589,513.786926,10.000000
100000.000000,-70416.476562,291383.406250,-269.107574,968.571228,10.000000
100000.000000,-35616.957031,367093.718750,-145.516220,1233.749878,10.000000
100000.000000,142644.515625,223080.515625,477.851440,754.543518,10.000000
100000.000000,73280.218750,263747.750000,237.672577,873.518555,10.000000
100000.000000,166175.125000,258118.281250,554.108826,874.826050,10.000000
100000.000000,-8025.104980,745419.500000,-42.765591,2539.929443,10.000000
100000.000000,34586.093750,705159.937500,112.082558,2372.672607,10.000000
100000.000000,130250.671875,177927.203125,436.765198,600.457825,10.000000
100000.000000,152114.031250,309136.718750,497.779816,1060.201538,10.000000
100000.000000,139247.750000,248911.609375,466.334778,843.928711,10.000000
100000.000000,88006.640625,122950.742188,295.399475,414.506683,10.000000
100000.000000,111819.468750,155036.281250,375.156158,522.866760,10.000000
100000.000000,87632.437500,135708.109375,294.123596,457.546753,10.000000
100000.000000,80740.171875,110333.445312,271.058319,371.980865,10.000000
100000.000000,127154.281250,144257.156250,426.464264,486.378235,10.000000
100000.000000,88158.890625,113268.453125,295.934540,381.840790,10.000000
100000.000000,2105188.250000,1803030.250000,7062.888672,6049.032227,10.000000
100000.000000,152043.484375,129294.085938,509.712036,435.657318,10.000000
100000.000000,125025.140625,105710.242188,419.437134,356.143097,10.000000
100000.000000,144758.468750,241729.406250,484.502441,818.759338,10.000000
100000.000000,93512.937500,334240.062500,341.425995,1124.835815,10.000000
100000.000000,151482.203125,279038.031250,504.263641,949.835815,10.000000
100000.000000,111206.125000,187796.187500,373.162323,633.839233,10.000000
100000.000000,124902.445312,155645.812500,418.855957,524.852234,10.000000
100000.000000,107289.187500,162532.500000,359.954315,548.152161,10.000000
100000.000000,95504.835938,120159.367188,320.491486,405.000519,10.000000
100000.000000,124588.640625,126605.203125,417.872345,426.669342,10.000000
100000.000000,113811.132812,186928.406250,381.845306,630.892334,10.000000
100000.000000,85794.164062,133807.953125,287.905090,451.056458,10.000000
100000.000000,93424.312500,94710.171875,313.629974,319.171631,10.000000
100000.000000,124925.468750,104604.078125,419.078003,352.387207,10.000000
100000.000000,-130651.570312,96128.015625,-442.579651,318.774445,10.000000
100000.000000,-2227.309814,459111.625000,-9.345561,1538.525391,10.000000
100000.000000,107562.367188,194808.359375,361.038727,657.608154,10.000000
100000.000000,91119.429688,161157.515625,305.803497,543.409729,10.000000
100000.000000,162355.265625,143324.359375,544.032166,482.970886,10.000000
100000.000000,135745.953125,148087.718750,455.089661,499.216309,10.000000
100000.000000,80583.187500,129534.796875,270.410614,436.620392,10.000000
100000.000000,91593.031250,136216.812500,307.328217,459.156677,10.000000
100000.000000,81839.648438,291829.312500,280.977844,984.168274,10.000000
100000.000000,92561.195312,110387.218750,310.627136,372.015533,10.000000
100000.000000,154610.828125,196339.500000,517.734985,662.790894,10.000000
100000.000000,98985.117188,98857.468750,332.211395,333.098328,10.000000
100000.000000,81581.320312,104429.742188,273.825806,351.978760,10.000000
100000.000000,151708.953125,230932.343750,507.578247,781.203918,10.000000
100000.000000,82535.953125,101415.601562,277.042145,341.811279,10.000000
100000.000000,96782.070312,153521.718750,324.723053,517.586792,10.000000
100000.000000,129498.359375,178060.437500,434.133942,600.750854,10.000000
100000.000000,142278.062500,201697.312500,476.651276,681.136169,10.000000
100000.000000,115381.523438,139390.765625,386.977448,469.831055,10.000000
100000.000000,-117722.828125,-21420.410156,-406.771637,-87.586929,10.000000
100000.000000,114127.507812,143128.328125,382.767822,482.456055,10.000000
100000.000000,114348.632812,176042.218750,383.542236,593.862183,10.000000
100000.000000,128496.132812,342978.562500,648.871155,1494.968872,10.000000
100000.000000,82852.195312,110103.148438,278.041382,371.067505,10.000000
100000.000000,132437.328125,109903.718750,444.117798,370.191528,10.000000
100000.000000,70024.039062,91989.023438,235.090469,310.114502,10.000000
100000.000000,93519.554688,163729.468750,313.819885,552.052002,10.000000
100000.000000,119841.937500,159359.468750,401.860809,537.332520,10.000000
100000.000000,136005.109375,228645.015625,455.705261,773.459778,10.000000
100000.000000,72487.078125,92480.765625,243.352081,311.744110,10.000000
100000.000000,93702.656250,152131.640625,314.381531,512.839539,10.000000
100000.000000,87643.046875,130337.890625,294.050385,439.263611,10.000000
100000.000000,-8374953.000000,391204.031250,-28105.726562,1311.012085,10.000000
100000.000000,-935309.250000,-297197.062500,-3140.466309,-999.138062,10.000000
100000.000000,245145.125000,1981053.125000,821.112549,6646.277832,10.000000
100000.000000,19685146.000000,34646912.000000,66056.062500,116262.015625,10.000000
100000.000000,6533.312012,94462.625000,20.888092,316.629883,10.000000
100000.000000,-48015.039062,-43810.851562,-162.161163,-147.749054,10.000000
100000.000000,-9589.123047,-17540.359375,-33.262066,-59.643730,10.000000
100000.000000,-86665.312500,-75689.359375,-291.717621,-254.631653,10.000000
100000.000000,-2058.001465,21311.505859,-8.019940,70.802315,10.000000
100000.000000,-4951.939453,168650.359375,-17.167637,566.044739,10.000000
100000.000000,-32072.818359,-25564.236328,-108.704071,-86.542793,10.000000
100000.000000,-28166.734375,48284.234375,-95.690811,161.416046,10.000000
100000.000000,-73669.445312,-76274.898438,-248.145706,-256.613525,10.000000
100000.000000,53104.640625,86196.015625,177.179428,288.958832,10.000000
100000.000000,-53628.949219,17885.601562,-181.100662,59.362385,10.000000
100000.000000,-38219.085938,29641.425781,-129.412979,98.812500,10.000000
100000.000000,-67890.500000,-81473.718750,-228.760361,-274.057343,10.000000
100000.000000,43450.101562,251800.359375,147.989075,847.484497,10.000000
100000.000000,-5617.916992,90110.640625,-19.923712,301.963257,10.000000
100000.000000,-31513.736328,36424.281250,-106.914169,121.580788,10.000000
100000.000000,-1284.849854,28859.150391,-5.424873,96.150414,10.000000
100000.000000,-104330.367188,-63985.511719,-350.945374,-215.348785,10.000000
100000.000000,-35140.925781,-520.464233,-119.034485,-2.473094,10.000000
100000.000000,196.600449,94653.531250,-0.376829,317.249481,10.000000
100000.000000,27530.583984,63191.367188,91.323959,211.532715,10.000000
100000.000000,40222.183594,116129.679688,134.077026,389.666809,10.000000
100000.000000,-20563.357422,108456.640625,-70.089287,363.570770,10.000000
100000.000000,-25060.339844,104969.414062,-85.220726,351.838257,10.000000
100000.000000,-25361.769531,88043.125000,-86.266342,294.969971,10.000000
100000.000000,-117452.054688,-110184.632812,-394.871277,-370.276489,10.000000
100000.000000,-24265.648438,87691.320312,-82.577904,293.789795,10.000000
100000.000000,18518.304688,50312.679688,61.062622,168.229904,10.000000
100000.000000,-96901.484375,-59463.136719,-326.053192,-200.187500,10.000000
100000.000000,-13623.494141,45994.378906,-46.848553,153.710114,10.000000
100000.000000,36941.250000,47393.058594,122.903778,158.426483,10.000000
100000.000000,-19914.183594,129519.500000,-67.800262,434.345520,10.000000
100000.000000,-11087.678711,115709.664062,-38.201935,387.976471,10.000000
100000.000000,-42241.437500,-12545.312500,-142.841888,-42.833530,10.000000
100000.000000,-4160.204590,81227.156250,-15.038795,272.097443,10.000000
100000.000000,22140.560547,22765.742188,73.223717,75.667648,10.000000
100000.000000,-8769.461914,157113.343750,-30.106800,527.182617,10.000000
100000.000000,-25723.722656,54748.742188,-87.486168,183.113678,10.000000
100000.000000,7757.214844,15253.518555,24.941622,50.440132,10.000000
100000.000000,-48654.691406,-59186.699219,-164.282471,-199.333710,10.000000
100000.000000,-20843.181641,87498.187500,-71.072037,293.136414,10.000000
100000.000000,4583.245117,98730.960938,14.375816,330.956329,10.000000
100000.000000,-25747.896484,82241.171875,-87.563133,275.465942,10.000000
100000.000000,-63553.683594,-7226.218750,-214.342789,-24.942249,10.000000
100000.000000,-1211.770386,115154.546875,-5.016547,386.148865,10.000000
100000.000000,-103527.648438,-94757.156250,-348.219757,-318.559998,10.000000
100000.000000,35960.347656,103589.304688,119.732025,347.420532,10.000000
100000.000000,-95790.195312,-25265.798828,-322.376129,-85.441620,10.000000
100000.000000,17062.353516,256845.468750,59.184513,863.099792,10.000000
100000.000000,-41152.523438,-58472.644531,-139.117691,-196.950027,10.000000
100000.000000,-20346.621094,153320.734375,-69.057381,514.308350,10.000000
100000.000000,13353.979492,87485.796875,43.796505,293.167419,10.000000
100000.000000,-2330.117676,60238.089844,-8.917536,201.553864,10.000000
100000.000000,-70696.898438,13048.344727,-238.338272,43.141701,10.000000
100000.000000,20417.875000,150585.015625,67.896622,505.501221,10.000000
100000.000000,11574.503906,270317.625000,41.193424,907.996643,10.000000
100000.000000,32961.765625,171366.484375,110.258919,575.656555,10.000000
100000.000000,-11469.563477,-12831.006836,-39.573448,-43.846409,10.000000
100000.000000,-141717.125000,-141738.312500,-476.165497,-476.043488,10.000000
100000.000000,-10711.120117,129876.796875,-36.841797,435.572845,10.000000
100000.000000,-47199.683594,-33161.015625,-159.444427,-112.022217,10.000000
100000.000000,-53629.265625,13192.779297,-181.099289,43.584850,10.000000
100000.000000,-29457.154297,74817.742188,-100.025841,250.508530,10.000000
100000.000000,-9389.025391,22772.089844,-32.618282,75.690781,10.000000
100000.000000,-22731.744141,157721.796875,-77.024467,529.056335,10.000000
100000.000000,44806.273438,153232.015625,149.771835,514.664917,10.000000
100000.000000,-24186.931641,43202.390625,-82.316460,144.309891,10.000000
100000.000000,-3614.076172,-10846.618164,-13.204010,-37.194370,10.000000
100000.000000,-69272.484375,-48333.109375,-233.450928,-162.893921,10.000000
100000.000000,-13238.558594,31603.548828,-45.546432,105.350014,10.000000
100000.000000,-40811.269531,85704.632812,-138.209167,287.068085,10.000000
100000.000000,-53725.535156,59509.152344,-181.568695,199.136337,10.000000
100000.000000,-37701.359375,23570.509766,-127.666794,78.395927,10.000000
100000.000000,-77738.710938,-103167.195312,-261.757965,-346.794739,10.000000
100000.000000,-67213.726562,21805.193359,-226.684921,72.534584,10.000000
100000.000000,-1563.492676,126472.945312,-6.110056,424.178955,10.000000
100000.000000,4848.446289,28268.660156,15.184181,94.143280,10.000000
100000.000000,14297.199219,93570.664062,46.997086,313.614471,10.000000
100000.000000,-48039.027344,64348.882812,-162.472443,215.362549,10.000000
100000.000000,-108582.843750,-90274.843750,-365.171997,-303.523102,10.000000
100000.000000,-26518.267578,76841.632812,-90.137878,257.297668,10.000000
100000.000000,10512.791992,105380.000000,34.340408,353.309937,10.000000
100000.000000,-57899.542969,-64103.441406,-195.284866,-215.816132,10.000000
100000.000000,-26954.992188,-31649.175781,-91.517120,-106.979851,10.000000
100000.000000,-30246.275391,42932.792969,-102.654205,143.406311,10.000000
100000.000000,-50309.824219,60678.371094,-170.085510,203.039673,10.000000
100000.000000,-44172.476562,22096.652344,-149.380234,73.456032,10.000000
100000.000000,-10202.780273,151946.406250,-34.927845,509.753937,10.000000
100000.000000,-121415.625000,-100088.492188,-408.169983,-336.417694,10.000000
100000.000000,-76319.460938,-1667.698608,-257.160950,-6.265651,10.000000
100000.000000,-119832.976562,-66724.781250,-402.901581,-224.521332,10.000000
100000.000000,-95794.960938,-22879.470703,-322.399567,-77.435463,10.000000
100000.000000,-44591.164062,73885.031250,-150.881317,247.368790,10.000000
100000.000000,-29503.017578,71877.601562,-100.155548,240.617996,10.000000
100000.000000,-11296.172852,109002.453125,-38.881672,365.389160,10.000000
100000.000000,-25872.111328,142049.296875,-87.681892,476.350403,10.000000
