Mass,x_pos,y_pos,x_vel,y_vel,radius
62 
100000.000000,18038.238281,18922.947266,577.985840,628.743652,10.000000
100000.000000,24211.707031,23797.613281,762.992798,787.003174,10.000000
100000.000000,-30895.148438,4533.239746,-1084.435669,85.956841,10.000000
100000.000000,17154.843750,32535.388672,494.831879,1144.648804,10.000000
100000.000000,12413.587891,34138.996094,235.152100,832.569641,10.000000
100000.000000,18624.486328,33012.023438,528.686401,1131.689209,10.000000
100000.000000,15601.785156,16550.023438,502.195343,548.546997,10.000000
100000.000000,7247.931152,4582.392578,208.096878,75.552071,10.000000
100000.000000,41391.750000,30655.386719,1313.869873,983.000000,10.000000
100000.000000,16261.936523,17419.820312,522.491211,577.762451,10.000000
100000.000000,-17586.091797,62461.699219,-633.455933,2048.325439,10.000000
100000.000000,-15932.846680,18158.392578,-671.912598,495.696411,10.000000
100000.000000,15870.049805,24949.595703,506.577606,842.928833,10.000000
100000.000000,9732.464844,31094.953125,215.153992,883.023804,10.000000
100000.000000,10621.248047,12455.806641,343.860046,412.090271,10.000000
100000.000000,-7685.828613,22840.605469,-358.050323,669.020386,10.000000
100000.000000,11118.644531,12684.603516,359.763916,419.434204,10.000000
100000.000000,18997.572266,27599.025391,591.189697,934.239502,10.000000
100000.000000,60434.953125,52047.863281,1935.765625,1667.899048,10.000000
100000.000000,13604.583984,36036.925781,198.892944,927.523071,10.000000
100000.000000,172788.843750,180312.375000,5562.712402,5805.782715,10.000000
100000.000000,196323.203125,165884.015625,6321.543945,5339.744629,10.000000
100000.000000,197534.390625,170187.562500,6360.099609,5478.125488,10.000000
100000.000000,73919.289062,65444.824219,2370.980713,2098.841309,10.000000
100000.000000,15987.136719,35846.734375,305.943420,1235.440308,10.000000
100000.000000,-1439.244141,48442.386719,-405.354706,1823.276489,10.000000
100000.000000,15566.070312,21753.998047,497.335388,725.681519,10.000000
100000.000000,34276.972656,39964.839844,1073.272339,1274.227783,10.000000
100000.000000,18738.681641,27268.193359,583.742188,921.099915,10.000000
100000.000000,15507.739258,34433.601562,402.663269,1291.233398,10.000000
100000.000000,17691.228516,23834.466797,560.406189,797.931335,10.000000
100000.000000,25186.917969,-8828.632812,827.616211,-421.775696,10.000000
100000.000000,4979.687500,29945.775391,107.436523,920.409241,10.000000
100000.000000,1318.032715,24753.964844,-286.021606,516.142395,10.000000
100000.000000,14578.121094,15427.547852,467.596344,508.431976,10.000000
100000.000000,1702.807251,32843.972656,-276.977081,966.572815,10.000000
100000.000000,3650.652100,37620.269531,-157.480560,1235.633789,10.000000
100000.000000,14989.711914,22232.404297,479.072510,742.037964,10.000000
100000.000000,10540.914062,31534.912109,215.058975,842.937561,10.000000
100000.000000,17828.398438,25467.849609,561.626831,856.402466,10.000000
100000.000000,3412.240234,67200.476562,-43.246288,2541.350830,10.000000
100000.000000,4677.419434,71589.515625,111.699898,2374.144775,10.000000
100000.000000,13632.438477,17943.984375,436.743286,593.407349,10.000000
100000.000000,17092.712891,29329.710938,528.847717,1006.949585,10.000000
100000.000000,14634.603516,24549.828125,468.003876,824.906372,10.000000
100000.000000,9169.327148,12460.701172,294.654755,410.663025,10.000000
100000.000000,11676.631836,15690.497070,374.611847,517.441833,10.000000
100000.000000,9142.368164,13747.901367,293.237885,453.264099,10.000000
100000.000000,8401.306641,11176.685547,270.327667,368.576019,10.000000
100000.000000,13289.828125,14629.933594,426.372559,481.430603,10.000000
100000.000000,9174.497070,11485.984375,295.276337,378.289978,10.000000
100000.000000,219381.812500,187944.125000,7062.900879,6049.038574,10.000000
100000.000000,15928.972656,13174.719727,510.128754,431.410736,10.000000
100000.000000,13038.081055,10786.276367,419.347046,352.633209,10.000000
100000.000000,15270.669922,23950.658203,486.728333,802.206299,10.000000
100000.000000,7068.898926,34994.398438,270.780212,1110.971680,10.000000
100000.000000,16279.640625,27092.255859,513.809570,918.979431,10.000000
100000.000000,11615.068359,18935.498047,372.196869,626.109741,10.000000
100000.000000,13074.099609,15774.612305,418.679108,519.322510,10.000000
100000.000000,11215.177734,16454.310547,359.202911,542.351379,10.000000
100000.000000,9961.164062,12206.087891,319.886322,401.183594,10.000000
100000.000000,13021.085938,12883.791016,417.746918,422.476532,10.000000
100000.000000,11895.028320,18852.466797,381.015869,623.201111,10.000000
100000.000000,8964.927734,13575.862305,287.009277,446.871307,10.000000
100000.000000,9706.439453,9638.596680,313.159271,316.070007,10.000000
100000.000000,13034.369141,10681.394531,418.987335,348.911011,10.000000
100000.000000,-12428.735352,11066.784180,-443.753296,317.661987,10.000000
100000.000000,499.297150,48119.125000,-14.264640,1542.926270,10.000000
100000.000000,11223.887695,19631.621094,359.749573,649.286377,10.000000
100000.000000,9524.828125,16330.280273,304.620392,537.935547,10.000000
100000.000000,17061.652344,14595.521484,544.774109,478.237640,10.000000
100000.000000,14228.949219,15041.353516,455.214752,494.087280,10.000000
100000.000000,8426.693359,13146.881836,269.481750,432.649200,10.000000
100000.000000,9574.062500,13829.477539,306.508484,454.814819,10.000000
100000.000000,8045.818848,30370.458984,256.147308,958.876587,10.000000
100000.000000,9649.999023,11225.570312,310.050262,368.517212,10.000000
100000.000000,16305.501953,19782.035156,519.091431,654.333313,10.000000
100000.000000,10303.960938,10073.666992,331.785858,329.866699,10.000000
100000.000000,8500.745117,10606.359375,273.154114,348.724670,10.000000
100000.000000,16052.429688,23021.761719,510.063141,767.616150,10.000000
100000.000000,8594.973633,10303.680664,276.404022,338.624054,10.000000
100000.000000,10123.341797,15573.755859,323.801483,512.421021,10.000000
100000.000000,13583.469727,17999.000000,434.075928,593.705383,10.000000
100000.000000,14970.884766,20285.460938,477.393768,671.826965,10.000000
100000.000000,12073.879883,14168.887695,386.621033,465.156799,10.000000
100000.000000,-9086.119141,2007.707520,-407.424286,-88.550415,10.000000
100000.000000,11945.936523,14543.560547,382.362915,477.620514,10.000000
100000.000000,11971.947266,17808.287109,382.876617,587.073059,10.000000
100000.000000,14363.539062,35793.046875,593.797852,1584.629028,10.000000
100000.000000,8647.521484,11190.636719,277.339325,367.656891,10.000000
100000.000000,13854.978516,11234.666016,444.138336,366.559296,10.000000
100000.000000,7287.109863,9325.392578,234.393616,307.238403,10.000000
100000.000000,9783.677734,16603.628906,312.653748,546.397278,10.000000
100000.000000,12559.072266,16165.472656,401.517944,531.618103,10.000000
100000.000000,14292.204102,22811.230469,456.304413,759.752380,10.000000
100000.000000,7543.488770,9383.390625,242.674850,308.839050,10.000000
100000.000000,9807.755859,15445.824219,313.405670,507.788239,10.000000
100000.000000,9169.636719,13249.290039,293.225555,435.186035,10.000000
100000.000000,-870699.312500,41165.937500,-28105.726562,1311.012085,10.000000
100000.000000,-96797.867188,-30425.781250,-3140.565186,-999.203125,10.000000
100000.000000,25906.640625,206501.906250,821.115479,6646.330566,10.000000
100000.000000,2048192.875000,3604651.500000,66056.062500,116262.015625,10.000000
100000.000000,1009.986023,10032.018555,19.746059,314.318512,10.000000
100000.000000,-4696.396484,-4314.549805,-162.621262,-148.750916,10.000000
100000.000000,-685.569580,-1556.623657,-33.743977,-60.890522,10.000000
100000.000000,-8757.300781,-7664.933594,-292.130676,-255.430908,10.000000
100000.000000,112.646492,2479.440918,-8.645167,69.275177,10.000000
100000.000000,-250.979858,17670.058594,-19.633310,562.828003,10.000000
100000.000000,-3025.583008,-2404.016113,-109.199425,-87.671654,10.000000
100000.000000,-2577.771484,5260.523438,-96.530464,159.843506,10.000000
100000.000000,-7395.697266,-7719.981934,-248.547180,-257.441437,10.000000
100000.000000,5834.646973,9169.277344,176.389389,286.315125,10.000000
100000.000000,-5242.048828,2094.846924,-181.802811,58.114010,10.000000
100000.000000,-3630.830811,3324.276855,-130.156601,97.420784,10.000000
100000.000000,-6793.362793,-8261.381836,-229.144989,-274.883667,10.000000
100000.000000,4330.450684,25945.869141,140.009277,838.948730,10.000000
100000.000000,-244.766418,9587.448242,-21.059256,299.832886,10.000000
100000.000000,-2931.337891,4031.796387,-107.685875,120.109177,10.000000
100000.000000,194.642059,3262.065918,-6.086632,94.562042,10.000000
100000.000000,-10606.665039,-6450.262695,-351.396545,-216.134720,10.000000
100000.000000,-3330.784912,198.418533,-119.628586,-3.712947,10.000000
100000.000000,352.178497,10054.345703,-1.543050,315.004761,10.000000
100000.000000,3183.089844,6811.702148,90.555672,209.428528,10.000000
100000.000000,4480.801758,12235.345703,132.861298,386.580048,10.000000
100000.000000,-1784.589111,11485.590820,-71.463760,361.412994,10.000000
100000.000000,-2243.222656,11126.721680,-86.558334,349.768585,10.000000
100000.000000,-2274.113281,9376.629883,-87.422325,293.059357,10.000000
100000.000000,-12004.561523,-11289.709961,-395.230225,-370.934753,10.000000
100000.000000,-2163.049805,9340.353516,-83.728760,291.871277,10.000000
100000.000000,2248.365723,5485.067383,60.342007,166.332169,10.000000
100000.000000,-9823.647461,-5974.533203,-326.512115,-201.003616,10.000000
100000.000000,-1077.575073,5031.837402,-47.643013,152.059845,10.000000
100000.000000,4154.978027,5186.680176,122.282249,156.448990,10.000000
100000.000000,-1732.687866,13662.875977,-69.466141,431.952393,10.000000
100000.000000,-819.050476,12232.019531,-39.656143,385.615906,10.000000
100000.000000,-4076.507080,-1054.326172,-143.398468,-43.986076,10.000000
100000.000000,-95.695236,8674.133789,-16.082340,270.049530,10.000000
100000.000000,2615.860107,2640.689209,72.667107,74.012222,10.000000
100000.000000,-627.403015,16496.166016,-32.288582,524.231934,10.000000
100000.000000,-2323.533203,5934.794434,-88.365005,181.477737,10.000000
100000.000000,1124.439819,1858.188354,24.372969,48.911991,10.000000
100000.000000,-4771.644043,-5920.058594,-164.700729,-200.277130,10.000000
100000.000000,-1813.024414,9323.116211,-72.215172,291.186554,10.000000
100000.000000,801.299683,10476.846680,13.179404,328.611633,10.000000
100000.000000,-2316.621582,8779.644531,-88.664101,273.609985,10.000000
100000.000000,-6295.858887,-515.006165,-214.944458,-26.035028,10.000000
100000.000000,194.869965,12171.017578,-6.439805,383.659576,10.000000
100000.000000,-10535.040039,-9667.768555,-348.601532,-319.276855,10.000000
100000.000000,4043.093018,10960.251953,118.642784,344.634705,10.000000
100000.000000,-9689.485352,-2409.707031,-322.934631,-86.355255,10.000000
100000.000000,1622.130615,26679.652344,51.775826,857.352234,10.000000
100000.000000,-3988.850830,-5841.410156,-139.528412,-197.915451,10.000000
100000.000000,-1809.362183,16126.918945,-71.143532,511.650452,10.000000
100000.000000,1709.275513,9318.711914,42.756001,290.876160,10.000000
100000.000000,91.418968,6510.823242,-9.779896,199.702179,10.000000
100000.000000,-7027.873047,1583.639282,-239.031570,41.996521,10.000000
100000.000000,2382.969971,15782.775391,65.924088,502.010101,10.000000
100000.000000,982.276428,28137.318359,32.901176,902.808411,10.000000
100000.000000,3639.350586,17875.982422,107.805214,571.280457,10.000000
100000.000000,-879.911682,-1064.242310,-40.075485,-45.112282,10.000000
100000.000000,-14566.365234,-14608.106445,-476.481354,-476.608246,10.000000
100000.000000,-795.630005,13699.671875,-38.505554,433.031158,10.000000
100000.000000,-4604.950684,-3201.697510,-159.935638,-113.068077,10.000000
100000.000000,-5243.770508,1613.539185,-181.778564,42.359425,10.000000
100000.000000,-2701.193115,8015.384766,-101.066071,248.746689,10.000000
100000.000000,-649.388062,2633.563477,-33.268902,74.190453,10.000000
100000.000000,-2063.237305,16590.345703,-79.194672,526.396851,10.000000
100000.000000,4904.308105,16013.895508,147.930588,510.535492,10.000000
100000.000000,-2170.835205,4745.489258,-83.115387,142.748260,10.000000
100000.000000,-65.550781,-854.059448,-13.695976,-38.500275,10.000000
100000.000000,-6919.035156,-4796.800293,-233.919952,-163.817841,10.000000
100000.000000,-1044.451172,3548.044678,-46.253155,103.806961,10.000000
100000.000000,-3855.206543,9140.063477,-139.357697,285.323029,10.000000
100000.000000,-5202.107910,6409.267578,-182.513962,197.666519,10.000000
100000.000000,-3580.921143,2703.022949,-128.376602,77.037102,10.000000
100000.000000,-7832.843262,-10537.703125,-262.105408,-347.542908,10.000000
100000.000000,-6654.330566,2495.149902,-227.417175,71.335381,10.000000
100000.000000,143.179306,13342.698242,-7.701912,421.538361,10.000000
100000.000000,824.303162,3208.745361,14.544001,92.527901,10.000000
100000.000000,1800.722046,9948.583984,45.898239,311.232056,10.000000
100000.000000,-4612.796387,6919.958984,-163.448822,213.822342,10.000000
100000.000000,-11063.400391,-9200.356445,-365.565582,-304.239014,10.000000
100000.000000,-2401.781982,8228.536133,-91.190994,255.494232,10.000000
100000.000000,1402.946533,11165.205078,33.088493,350.803925,10.000000
100000.000000,-5738.919922,-6437.909180,-195.700485,-216.718918,10.000000
100000.000000,-2498.022217,-3032.822754,-91.983749,-108.096855,10.000000
100000.000000,-2799.557373,4715.279785,-103.462334,141.884445,10.000000
100000.000000,-4852.127441,6537.779297,-171.036835,201.538635,10.000000
100000.000000,-4254.483887,2546.151123,-150.091324,72.138786,10.000000
100000.000000,-778.918823,15977.538086,-36.996243,506.908173,10.000000
100000.000000,-12416.392578,-10233.356445,-408.549408,-337.087585,10.000000
100000.000000,-7627.660645,55.471050,-257.794281,-7.328759,10.000000
100000.000000,-12237.090820,-6742.599609,-403.352173,-225.262711,10.000000
100000.000000,-9687.583984,-2160.688232,-322.965668,-78.356064,10.000000
100000.000000,-4256.380859,7914.656738,-151.929565,245.739700,10.000000
100000.000000,-2713.608154,7714.889648,-101.170883,238.879654,10.000000
100000.000000,-850.271851,11551.643555,-40.246880,363.110535,10.000000
100000.000000,-2372.559570,14979.228516,-89.549469,473.918823,10.000000
