Mass,x_pos,y_pos,x_vel,y_vel,radius
625 
100000.000000,180296.140625,197609.875000,576.054443,636.036011,10.000000
100000.000000,237592.234375,246922.906250,756.944031,793.810791,10.000000
100000.000000,-336028.625000,28825.076172,-1083.858032,86.361755,10.000000
100000.000000,133155.437500,354888.812500,454.524689,1094.246582,10.000000
100000.000000,96146.585938,292243.750000,302.088470,924.500610,10.000000
100000.000000,147547.609375,335300.312500,543.752258,951.084473,10.000000
100000.000000,156825.812500,172368.093750,501.565460,554.574829,10.000000
100000.000000,65925.601562,26319.720703,208.514603,77.549591,10.000000
100000.000000,410600.750000,307490.218750,1311.105225,983.520142,10.000000
100000.000000,163125.734375,181579.984375,521.542236,584.299072,10.000000
100000.000000,-195681.703125,638875.500000,-632.507935,2047.523438,10.000000
100000.000000,-204746.062500,157892.812500,-670.517334,496.523834,10.000000
100000.000000,157499.593750,266838.750000,502.245697,863.016052,10.000000
100000.000000,76006.210938,286419.781250,238.528900,910.837341,10.000000
100000.000000,107539.156250,129393.132812,344.374969,416.103668,10.000000
100000.000000,-107849.835938,211549.625000,-355.399475,670.627136,10.000000
100000.000000,112497.234375,131714.656250,360.209045,423.556732,10.000000
100000.000000,181884.828125,295837.187500,575.523132,957.234375,10.000000
100000.000000,605151.687500,521493.843750,1934.913452,1667.601562,10.000000
100000.000000,179157.609375,281775.687500,586.916382,876.632507,10.000000
100000.000000,1738699.250000,1814631.500000,5562.693848,5805.766602,10.000000
100000.000000,1975826.000000,1669023.375000,6321.525391,5339.733398,10.000000
100000.000000,1987888.250000,1712264.625000,6360.082031,5478.114746,10.000000
100000.000000,741242.562500,656216.500000,2370.544189,2098.638184,10.000000
100000.000000,133703.046875,302187.875000,428.123444,939.685303,10.000000
100000.000000,-114881.726562,561155.125000,-402.645325,1821.075439,10.000000
100000.000000,155209.812500,228702.812500,495.761841,737.220825,10.000000
100000.000000,335213.000000,398425.156250,1068.159180,1273.218994,10.000000
100000.000000,179930.437500,291750.375000,569.859680,943.825439,10.000000
100000.000000,132113.890625,362208.968750,414.066162,1087.071045,10.000000
100000.000000,174341.718750,251743.000000,555.568237,812.186157,10.000000
100000.000000,258105.562500,-127339.851562,827.380981,-420.847992,10.000000
100000.000000,38575.460938,291331.718750,121.643829,930.165222,10.000000
100000.000000,-78339.632812,170805.515625,-282.544250,519.216064,10.000000
100000.000000,146153.312500,159803.703125,467.357819,513.816284,10.000000
100000.000000,-74318.351562,305427.562500,-269.082794,968.578186,10.000000
100000.000000,-37726.644531,384983.093750,-145.477249,1233.742798,10.000000
100000.000000,149573.250000,234021.968750,477.842590,754.616821,10.000000
100000.000000,76726.968750,276414.531250,237.738205,873.613647,10.000000
100000.000000,174209.296875,270804.125000,554.057983,874.939697,10.000000
100000.000000,-8645.190430,782247.687500,-42.763664,2539.922363,10.000000
100000.000000,36211.339844,739563.000000,112.084503,2372.665527,10.000000
100000.000000,136583.578125,186634.156250,436.764313,600.497314,10.000000
100000.000000,159329.093750,324513.531250,497.419373,1060.713501,10.000000
100000.000000,146009.484375,261149.484375,466.320770,844.047791,10.000000
100000.000000,92290.031250,128961.265625,295.403168,414.527863,10.000000
100000.000000,117259.234375,162618.078125,375.158813,522.896912,10.000000
100000.000000,91897.250000,142342.765625,294.128021,457.570496,10.000000
100000.000000,84670.578125,115727.312500,271.061890,371.999603,10.000000
100000.000000,133338.078125,151309.859375,426.464264,486.405548,10.000000
100000.000000,92449.984375,118805.296875,295.938080,381.860291,10.000000
100000.000000,2207601.750000,1890740.750000,7062.888672,6049.032227,10.000000
100000.000000,159434.406250,135611.296875,509.709381,435.680450,10.000000
100000.000000,131106.984375,110874.453125,419.437134,356.162231,10.000000
100000.000000,151783.718750,253602.187500,484.485992,818.860107,10.000000
100000.000000,98469.859375,350551.812500,342.250122,1125.051758,10.000000
100000.000000,158793.406250,292812.312500,504.184509,950.053772,10.000000
100000.000000,116617.046875,196987.187500,373.167023,633.883179,10.000000
100000.000000,130975.906250,163256.406250,418.856842,524.882996,10.000000
100000.000000,112508.507812,170480.953125,359.957855,548.184631,10.000000
100000.000000,100152.046875,126032.023438,320.494507,405.021576,10.000000
100000.000000,130647.828125,132792.078125,417.872345,426.692322,10.000000
100000.000000,119347.867188,196076.703125,381.849335,630.936035,10.000000
100000.000000,89968.804688,140348.390625,287.909607,451.079620,10.000000
100000.000000,97971.875000,99338.289062,313.632629,319.188629,10.000000
100000.000000,131002.101562,109713.843750,419.078003,352.406158,10.000000
100000.000000,-137068.828125,100750.343750,-442.573456,318.780304,10.000000
100000.000000,-2362.618164,481419.875000,-9.318999,1538.501465,10.000000
100000.000000,112797.539062,204344.078125,361.045319,657.655823,10.000000
100000.000000,95553.671875,169037.187500,305.809692,543.440491,10.000000
100000.000000,170243.718750,150327.640625,544.027771,482.996735,10.000000
100000.000000,142344.812500,155326.562500,455.088776,499.244598,10.000000
100000.000000,84504.156250,135865.906250,270.415527,436.642395,10.000000
100000.000000,96049.289062,142874.750000,307.332642,459.180695,10.000000
100000.000000,85914.976562,306101.000000,281.128723,984.336060,10.000000
100000.000000,97065.257812,115781.585938,310.629791,372.034790,10.000000
100000.000000,162117.765625,205950.343750,517.726135,662.838562,10.000000
100000.000000,103802.289062,103687.515625,332.213196,333.116028,10.000000
100000.000000,85551.828125,109533.578125,273.829346,351.996674,10.000000
100000.000000,159068.609375,242260.421875,507.561432,781.284119,10.000000
100000.000000,86553.132812,106372.000000,277.045685,341.828796,10.000000
100000.000000,101490.554688,161026.937500,324.727722,517.615723,10.000000
100000.000000,135793.234375,186771.609375,434.133942,600.790344,10.000000
100000.000000,149189.578125,211574.203125,476.645966,681.189209,10.000000
100000.000000,120992.796875,146203.500000,386.979218,469.856873,10.000000
100000.000000,-123620.929688,-22690.384766,-406.768494,-87.582306,10.000000
100000.000000,119677.609375,150124.125000,382.769592,482.482819,10.000000
100000.000000,119910.062500,184653.531250,383.545502,593.900452,10.000000
100000.000000,133615.859375,360231.031250,252.126770,956.283508,10.000000
100000.000000,86883.875000,115483.757812,278.044922,371.086273,10.000000
100000.000000,138877.140625,115271.632812,444.117798,370.211334,10.000000
100000.000000,73432.898438,96485.804688,235.094101,310.130310,10.000000
100000.000000,98070.054688,171734.468750,313.826080,552.083740,10.000000
100000.000000,125668.898438,167151.031250,401.862579,537.364380,10.000000
100000.000000,142612.734375,239860.796875,455.699829,773.541321,10.000000
100000.000000,76015.789062,97001.179688,243.355621,311.760101,10.000000
100000.000000,98261.265625,159568.015625,314.386780,512.867615,10.000000
100000.000000,91906.734375,136707.437500,294.054810,439.286194,10.000000
100000.000000,-8782490.000000,410213.531250,-28105.726562,1311.012085,10.000000
100000.000000,-980846.500000,-311684.375000,-3140.466309,-999.138062,10.000000
100000.000000,257051.437500,2077423.750000,821.112549,6646.277832,10.000000
100000.000000,20642958.000000,36332740.000000,66056.062500,116262.015625,10.000000
100000.000000,6836.236816,99053.867188,20.894258,316.642548,10.000000
100000.000000,-50366.347656,-45953.171875,-162.158661,-147.743607,10.000000
100000.000000,-10071.403320,-18405.140625,-33.259491,-59.636982,10.000000
100000.000000,-90895.234375,-79381.421875,-291.715393,-254.627319,10.000000
100000.000000,-2174.265137,22338.203125,-8.016591,70.810600,10.000000
100000.000000,-5200.767578,176858.218750,-17.154112,566.062500,10.000000
100000.000000,-33649.011719,-26819.062500,-108.701408,-86.536674,10.000000
100000.000000,-29554.218750,50624.828125,-95.686279,161.424606,10.000000
100000.000000,-77267.484375,-79995.734375,-248.143494,-256.609100,10.000000
100000.000000,55673.750000,90386.031250,177.183640,288.973297,10.000000
100000.000000,-56254.894531,18746.406250,-181.096878,59.369160,10.000000
100000.000000,-40095.554688,31074.263672,-129.408997,98.820061,10.000000
100000.000000,-71207.601562,-85447.531250,-228.758209,-274.052917,10.000000
100000.000000,45596.300781,264089.312500,148.035995,847.535400,10.000000
100000.000000,-5906.764160,94489.187500,-19.917576,301.974945,10.000000
100000.000000,-33063.964844,38187.261719,-106.910019,121.588791,10.000000
100000.000000,-1363.483887,30253.398438,-5.421325,96.159035,10.000000
100000.000000,-109418.960938,-67108.023438,-350.942719,-215.344528,10.000000
100000.000000,-36866.878906,-556.273010,-119.031288,-2.466370,10.000000
100000.000000,191.184433,99253.734375,-0.370527,317.261658,10.000000
100000.000000,28854.812500,66258.687500,91.328064,211.544174,10.000000
100000.000000,42166.347656,121779.984375,134.083542,389.683746,10.000000
100000.000000,-21579.595703,113728.523438,-70.081833,363.582581,10.000000
100000.000000,-26295.984375,110071.148438,-85.213470,351.849518,10.000000
100000.000000,-26612.587891,92320.257812,-86.260086,294.980347,10.000000
100000.000000,-123177.742188,-115553.679688,-394.869507,-370.272949,10.000000
100000.000000,-25462.982422,91951.375000,-82.571678,293.800232,10.000000
100000.000000,19403.742188,52752.097656,61.066483,168.240204,10.000000
100000.000000,-101629.164062,-62365.839844,-326.050537,-200.183075,10.000000
100000.000000,-14302.764648,48223.246094,-46.844280,153.719086,10.000000
100000.000000,38723.390625,49690.332031,122.907089,158.437210,10.000000
100000.000000,-20897.220703,135817.484375,-67.791199,434.358551,10.000000
100000.000000,-11641.546875,121335.437500,-38.194046,387.989349,10.000000
100000.000000,-44312.632812,-13166.352539,-142.838837,-42.827282,10.000000
100000.000000,-4378.223633,85172.664062,-15.033161,272.108582,10.000000
100000.000000,23202.330078,23862.990234,73.226692,75.676628,10.000000
100000.000000,-9205.919922,164757.562500,-30.094864,527.198792,10.000000
100000.000000,-26992.232422,57403.964844,-87.481430,183.122574,10.000000
100000.000000,8118.891602,15984.963867,24.944664,50.448418,10.000000
100000.000000,-51036.769531,-62076.992188,-164.280258,-199.328598,10.000000
100000.000000,-21873.675781,91748.726562,-71.065849,293.147064,10.000000
100000.000000,4791.743164,103529.929688,14.382284,330.969147,10.000000
100000.000000,-27017.519531,86235.468750,-87.557175,275.476044,10.000000
100000.000000,-66661.664062,-7587.835938,-214.339584,-24.936323,10.000000
100000.000000,-1284.451416,120753.812500,-5.008827,386.162506,10.000000
100000.000000,-108576.820312,-99376.312500,-348.217987,-318.556244,10.000000
100000.000000,37696.496094,108627.015625,119.737885,347.435822,10.000000
100000.000000,-100464.632812,-26504.666016,-322.373291,-85.436668,10.000000
100000.000000,17920.855469,269360.656250,59.227306,863.133179,10.000000
100000.000000,-43169.722656,-61328.367188,-139.115479,-196.944809,10.000000
100000.000000,-21347.865234,160778.265625,-69.045975,514.322815,10.000000
100000.000000,13989.071289,91736.796875,43.802120,293.179962,10.000000
100000.000000,-2459.386230,63160.695312,-8.912893,201.563950,10.000000
100000.000000,-74152.789062,13673.947266,-238.334534,43.147919,10.000000
100000.000000,21402.458984,157914.890625,67.907394,505.520508,10.000000
100000.000000,12172.175781,283483.625000,41.241585,908.026978,10.000000
100000.000000,34560.625000,179713.687500,110.272415,575.680847,10.000000
100000.000000,-12043.357422,-13466.727539,-39.570763,-43.839550,10.000000
100000.000000,-148621.390625,-148640.765625,-476.163727,-476.040497,10.000000
100000.000000,-11245.257812,136192.796875,-36.832745,435.586700,10.000000
100000.000000,-49511.640625,-34785.292969,-159.441772,-112.016541,10.000000
100000.000000,-56255.171875,13824.811523,-181.095657,43.591503,10.000000
100000.000000,-30907.484375,78450.218750,-100.020218,250.518127,10.000000
100000.000000,-9861.961914,23869.669922,-32.614788,75.698921,10.000000
100000.000000,-23848.509766,165393.203125,-77.012604,529.070862,10.000000
100000.000000,46978.042969,160694.859375,149.781876,514.687744,10.000000
100000.000000,-25380.488281,45294.949219,-82.312149,144.318375,10.000000
100000.000000,-3805.514160,-11385.880859,-13.201378,-37.187294,10.000000
100000.000000,-72657.554688,-50695.023438,-233.448334,-162.888916,10.000000
100000.000000,-13898.952148,33131.195312,-45.542633,105.358391,10.000000
100000.000000,-42815.250000,89867.218750,-138.202927,287.077576,10.000000
100000.000000,-56358.238281,62396.687500,-181.563583,199.144333,10.000000
100000.000000,-39552.488281,24707.306641,-127.662949,78.403305,10.000000
100000.000000,-81534.101562,-108195.750000,-261.756195,-346.790588,10.000000
100000.000000,-70500.695312,22856.992188,-226.680939,72.541100,10.000000
100000.000000,-1652.022461,132623.656250,-6.101398,424.193481,10.000000
100000.000000,5068.643066,29633.804688,15.187613,94.152039,10.000000
100000.000000,14978.702148,98118.187500,47.003017,313.627441,10.000000
100000.000000,-50394.824219,67471.742188,-162.467163,215.370911,10.000000
100000.000000,-113877.835938,-94675.820312,-365.170197,-303.519379,10.000000
100000.000000,-27825.222656,80572.507812,-90.132172,257.307526,10.000000
100000.000000,11010.780273,110503.093750,34.347179,353.323639,10.000000
100000.000000,-60731.121094,-67232.726562,-195.282654,-215.811234,10.000000
100000.000000,-28281.968750,-33200.347656,-91.514618,-106.973801,10.000000
100000.000000,-31734.726562,45012.246094,-102.649857,143.414551,10.000000
100000.000000,-52776.031250,63622.507812,-170.080368,203.047836,10.000000
100000.000000,-46338.449219,23161.818359,-149.376389,73.463181,10.000000
100000.000000,-10709.147461,159337.906250,-34.916531,509.769562,10.000000
100000.000000,-127334.117188,-104966.609375,-408.168213,-336.414154,10.000000
100000.000000,-80048.226562,-1758.506592,-257.157410,-6.259882,10.000000
100000.000000,-125675.117188,-69980.257812,-402.898926,-224.517334,10.000000
100000.000000,-100469.695312,-24002.242188,-322.396606,-77.430466,10.000000
100000.000000,-46778.898438,77471.968750,-150.875671,247.377640,10.000000
100000.000000,-30955.234375,75366.664062,-100.150055,240.627457,10.000000
100000.000000,-11859.901367,114300.679688,-38.874268,365.401642,10.000000
100000.000000,-27143.417969,148956.437500,-87.671707,476.363770,10.000000
