Mass,x_pos,y_pos,x_vel,y_vel,radius
681 
100000.000000,196425.328125,215419.859375,576.035156,636.104004,10.000000
100000.000000,258785.843750,269150.593750,756.886108,793.874084,10.000000
100000.000000,-366377.125000,31243.250000,-1083.851196,86.365288,10.000000
100000.000000,146056.609375,386609.906250,464.311371,1168.601807,10.000000
100000.000000,104607.445312,318134.000000,302.251709,924.790100,10.000000
100000.000000,162756.062500,361961.312500,542.656128,953.095398,10.000000
100000.000000,170869.562500,187897.031250,501.558624,554.630737,10.000000
100000.000000,71764.039062,28491.357422,208.518021,77.566551,10.000000
100000.000000,447311.218750,335028.218750,1311.079712,983.523621,10.000000
100000.000000,177728.609375,197941.234375,521.531982,584.359924,10.000000
100000.000000,-213391.703125,696205.500000,-632.500244,2047.516602,10.000000
100000.000000,-223520.187500,171795.687500,-670.506897,496.530670,10.000000
100000.000000,171561.703125,291006.312500,502.192535,863.228455,10.000000
100000.000000,82687.093750,311925.875000,238.670700,911.016052,10.000000
100000.000000,117181.656250,141044.578125,344.379272,416.140686,10.000000
100000.000000,-117800.687500,230327.140625,-355.378265,670.640747,10.000000
100000.000000,122583.125000,143574.812500,360.212463,423.594818,10.000000
100000.000000,197996.703125,322643.500000,575.333984,957.488525,10.000000
100000.000000,659328.187500,568187.312500,1934.906616,1667.601562,10.000000
100000.000000,195589.468750,306324.500000,586.793884,876.845398,10.000000
100000.000000,1894456.250000,1977192.500000,5562.693848,5805.766602,10.000000
100000.000000,2152828.000000,1818536.375000,6321.525391,5339.733398,10.000000
100000.000000,2165968.250000,1865648.625000,6360.082031,5478.114746,10.000000
100000.000000,807616.562500,714978.000000,2370.544189,2098.638184,10.000000
100000.000000,145690.546875,328507.781250,428.129700,940.281006,10.000000
100000.000000,-126155.578125,612146.437500,-402.630219,1821.061768,10.000000
100000.000000,169090.812500,249346.625000,495.743927,737.333313,10.000000
100000.000000,365120.593750,434074.437500,1068.112305,1273.212158,10.000000
100000.000000,195884.062500,318181.125000,569.692932,944.074463,10.000000
100000.000000,146919.625000,394165.812500,390.767059,1324.529297,10.000000
100000.000000,189896.921875,274486.250000,555.515808,812.327881,10.000000
100000.000000,281272.062500,-139123.484375,827.377563,-420.840302,10.000000
100000.000000,41983.207031,317377.656250,121.761452,930.249451,10.000000
100000.000000,-86250.617188,185343.640625,-282.525818,519.232666,10.000000
100000.000000,159238.937500,174191.281250,467.354401,513.866272,10.000000
100000.000000,-81852.062500,332547.312500,-269.041168,968.588440,10.000000
100000.000000,-41799.050781,419528.093750,-145.411774,1233.735352,10.000000
100000.000000,162952.843750,255153.062500,477.827667,754.740845,10.000000
100000.000000,83385.257812,300878.031250,237.848618,873.773743,10.000000
100000.000000,189721.656250,295305.281250,553.971802,875.132446,10.000000
100000.000000,-9842.527344,853364.187500,-42.760441,2539.908691,10.000000
100000.000000,39349.746094,805996.500000,112.087753,2372.651855,10.000000
100000.000000,148812.578125,203449.062500,436.763306,600.564087,10.000000
100000.000000,173247.703125,354226.375000,496.793488,1061.598633,10.000000
100000.000000,159066.234375,284785.812500,466.296906,844.249817,10.000000
100000.000000,100561.406250,140568.578125,295.410004,414.563721,10.000000
100000.000000,127763.609375,177259.921875,375.163391,522.947937,10.000000
100000.000000,100132.945312,155155.281250,294.135864,457.610596,10.000000
100000.000000,92260.328125,126143.765625,271.068604,372.031281,10.000000
100000.000000,145279.203125,164929.828125,426.464264,486.451630,10.000000
100000.000000,100736.234375,129497.867188,295.943634,381.893311,10.000000
100000.000000,2405365.750000,2060112.750000,7062.888672,6049.032227,10.000000
100000.000000,173706.531250,147810.937500,509.704895,435.719604,10.000000
100000.000000,142851.234375,120847.460938,419.437134,356.194611,10.000000
100000.000000,165348.875000,276532.687500,484.458008,819.030945,10.000000
100000.000000,108073.796875,382058.781250,343.687317,1125.430786,10.000000
100000.000000,172908.625000,319419.281250,504.049377,950.424866,10.000000
100000.000000,127065.859375,214736.984375,373.175201,633.957397,10.000000
100000.000000,142703.531250,177953.906250,418.858124,524.934814,10.000000
100000.000000,122587.437500,185830.906250,359.964386,548.239380,10.000000
100000.000000,109126.046875,137373.171875,320.499634,405.057098,10.000000
100000.000000,142348.328125,144739.984375,417.872345,426.731201,10.000000
100000.000000,130039.789062,213743.968750,381.856171,631.009766,10.000000
100000.000000,98030.390625,152979.250000,287.917572,451.118835,10.000000
100000.000000,106753.796875,108275.992188,313.636261,319.217346,10.000000
100000.000000,142735.859375,119581.687500,419.078003,352.438171,10.000000
100000.000000,-149460.578125,109676.281250,-442.563110,318.790131,10.000000
100000.000000,-2622.892090,524497.500000,-9.274102,1538.461548,10.000000
100000.000000,122906.929688,222759.593750,361.056458,657.736450,10.000000
100000.000000,104116.421875,184254.281250,305.820251,543.492126,10.000000
100000.000000,185476.593750,163852.156250,544.020935,483.040527,10.000000
100000.000000,155087.437500,169306.078125,455.087067,499.292419,10.000000
100000.000000,92075.968750,148092.484375,270.423950,436.679535,10.000000
100000.000000,104654.718750,155732.421875,307.339630,459.221375,10.000000
100000.000000,93790.343750,333666.625000,281.384949,984.621094,10.000000
100000.000000,105762.937500,126199.031250,310.634918,372.067352,10.000000
100000.000000,176613.890625,224510.968750,517.711914,662.919250,10.000000
100000.000000,113104.414062,113015.203125,332.216614,333.145966,10.000000
100000.000000,93219.015625,119389.921875,273.835175,352.026917,10.000000
100000.000000,173279.906250,264138.437500,507.532898,781.420044,10.000000
100000.000000,94310.445312,115943.640625,277.050964,341.858398,10.000000
100000.000000,110583.117188,175520.890625,324.735870,517.664246,10.000000
100000.000000,147948.734375,203594.687500,434.133942,600.857178,10.000000
100000.000000,162535.578125,230648.812500,476.637054,681.278992,10.000000
100000.000000,131828.328125,159360.187500,386.982422,469.900574,10.000000
100000.000000,-135010.218750,-25142.574219,-406.763367,-87.574501,10.000000
100000.000000,130395.046875,163634.375000,382.773010,482.528076,10.000000
100000.000000,130649.375000,201283.703125,383.550629,593.965088,10.000000
100000.000000,146683.828125,392635.812500,282.906036,1634.174683,10.000000
100000.000000,94669.187500,125874.640625,278.051208,371.118011,10.000000
100000.000000,151312.640625,125638.046875,444.117798,370.244812,10.000000
100000.000000,80015.523438,105169.867188,235.100327,310.157074,10.000000
100000.000000,106857.265625,187193.578125,313.836456,552.137451,10.000000
100000.000000,136921.187500,182198.000000,401.864624,537.418335,10.000000
100000.000000,155371.984375,261521.984375,455.690369,773.679565,10.000000
100000.000000,82829.851562,105730.851562,243.361649,311.787170,10.000000
100000.000000,107064.203125,173929.000000,314.395325,512.915283,10.000000
100000.000000,100140.484375,149007.968750,294.061920,439.324402,10.000000
100000.000000,-9569458.000000,446921.531250,-28105.726562,1311.012085,10.000000
100000.000000,-1068780.500000,-339659.875000,-3140.466309,-999.138062,10.000000
100000.000000,280042.937500,2263525.000000,821.112549,6646.277832,10.000000
100000.000000,22492526.000000,39588132.000000,66056.062500,116262.015625,10.000000
100000.000000,7421.429199,107920.132812,20.904680,316.663910,10.000000
100000.000000,-54906.722656,-50089.855469,-162.154404,-147.734451,10.000000
100000.000000,-11002.606445,-20074.808594,-33.255135,-59.625572,10.000000
100000.000000,-99063.359375,-86510.921875,-291.711975,-254.620026,10.000000
100000.000000,-2398.647217,24321.109375,-8.010929,70.824593,10.000000
100000.000000,-5680.747070,192708.406250,-17.131241,566.092285,10.000000
100000.000000,-36692.582031,-29241.935547,-108.696922,-86.526352,10.000000
100000.000000,-32233.322266,55144.933594,-95.678627,161.439056,10.000000
100000.000000,-84215.421875,-87180.789062,-248.139923,-256.601562,10.000000
100000.000000,60635.000000,98477.648438,177.190796,288.997620,10.000000
100000.000000,-61325.519531,20408.910156,-181.090485,59.380608,10.000000
100000.000000,-43718.921875,33841.402344,-129.402237,98.832840,10.000000
100000.000000,-77612.648438,-93120.843750,-228.754791,-274.045410,10.000000
100000.000000,49742.476562,287821.687500,148.115448,847.621338,10.000000
100000.000000,-6464.303711,102944.781250,-19.907202,301.994598,10.000000
100000.000000,-36057.339844,41591.953125,-106.903000,121.602287,10.000000
100000.000000,-1515.193115,32946.062500,-5.415329,96.173607,10.000000
100000.000000,-119245.210938,-73137.648438,-350.938843,-215.337311,10.000000
100000.000000,-40199.687500,-625.164856,-119.025879,-2.455008,10.000000
100000.000000,180.965790,108137.375000,-0.359873,317.282349,10.000000
100000.000000,31412.097656,72182.210938,91.335007,211.563522,10.000000
100000.000000,45920.855469,132691.578125,134.094604,389.712372,10.000000
100000.000000,-23541.703125,123909.109375,-70.069229,363.602509,10.000000
100000.000000,-28681.785156,119923.210938,-85.201195,351.868622,10.000000
100000.000000,-29027.712891,100579.976562,-86.249496,294.998016,10.000000
100000.000000,-134234.234375,-125921.117188,-394.866089,-370.266907,10.000000
100000.000000,-27774.835938,100178.023438,-82.561150,293.817993,10.000000
100000.000000,21113.695312,57463.082031,61.073002,168.257645,10.000000
100000.000000,-110758.476562,-67970.773438,-326.046509,-200.175659,10.000000
100000.000000,-15614.298828,52527.601562,-46.837051,153.734238,10.000000
100000.000000,42164.871094,54126.835938,122.912682,158.455399,10.000000
100000.000000,-22795.148438,147979.968750,-67.775871,434.380676,10.000000
100000.000000,-12710.786133,132199.421875,-38.180698,388.011200,10.000000
100000.000000,-48312.039062,-14365.361328,-142.833771,-42.816719,10.000000
100000.000000,-4799.013184,92791.976562,-15.023642,272.127441,10.000000
100000.000000,25252.746094,25982.160156,73.231705,75.691818,10.000000
100000.000000,-10048.279297,179519.578125,-30.074684,527.226318,10.000000
100000.000000,-29441.595703,62531.613281,-87.473427,183.137604,10.000000
100000.000000,8817.416992,17397.722656,24.949804,50.462425,10.000000
100000.000000,-55636.585938,-67658.125000,-164.276489,-199.319946,10.000000
100000.000000,-23863.365234,99957.101562,-71.055389,293.165009,10.000000
100000.000000,5194.606445,112797.351562,14.393217,330.990845,10.000000
100000.000000,-29468.968750,93949.054688,-87.547104,275.493134,10.000000
100000.000000,-72663.125000,-8285.906250,-214.334106,-24.926306,10.000000
100000.000000,-1424.507202,131566.718750,-4.995775,386.185547,10.000000
100000.000000,-118326.945312,-108295.718750,-348.214569,-318.549408,10.000000
100000.000000,41049.312500,118355.570312,119.747795,347.461517,10.000000
100000.000000,-109491.132812,-28896.773438,-322.368164,-85.428299,10.000000
100000.000000,19580.281250,293529.250000,59.299725,863.189697,10.000000
100000.000000,-47064.906250,-66842.695312,-139.111801,-196.935928,10.000000
100000.000000,-23280.867188,175179.734375,-69.026695,514.347656,10.000000
100000.000000,15215.668945,99946.179688,43.811604,293.201080,10.000000
100000.000000,-2708.832520,68804.765625,-8.905048,201.580978,10.000000
100000.000000,-80825.976562,14882.242188,-238.328201,43.158424,10.000000
100000.000000,23304.132812,172069.953125,67.925591,505.553162,10.000000
100000.000000,13328.132812,308909.250000,41.323082,908.078125,10.000000
100000.000000,37648.582031,195833.359375,110.295227,575.722046,10.000000
100000.000000,-13151.271484,-14694.066406,-39.566212,-43.827961,10.000000
100000.000000,-161953.765625,-161969.640625,-476.160309,-476.035370,10.000000
100000.000000,-12276.350586,148389.468750,-36.817440,435.610291,10.000000
100000.000000,-53975.906250,-37921.613281,-159.437332,-112.006966,10.000000
100000.000000,-61325.781250,15045.538086,-181.089432,43.602745,10.000000
100000.000000,-33707.921875,85464.960938,-100.010696,250.534348,10.000000
100000.000000,-10775.089844,25989.439453,-32.608887,75.712692,10.000000
100000.000000,-26004.568359,180207.609375,-76.992538,529.095703,10.000000
100000.000000,51172.179688,175106.656250,149.798828,514.726501,10.000000
100000.000000,-27685.121094,49336.066406,-82.304871,144.332733,10.000000
100000.000000,-4175.087402,-12426.949219,-13.196927,-37.175335,10.000000
100000.000000,-79194.109375,-55255.792969,-233.444061,-162.880463,10.000000
100000.000000,-15174.053711,36081.433594,-45.536209,105.372559,10.000000
100000.000000,-46684.789062,97905.632812,-138.192413,287.093689,10.000000
100000.000000,-61441.890625,67972.937500,-181.554916,199.157867,10.000000
100000.000000,-43126.953125,26902.779297,-127.656502,78.415771,10.000000
100000.000000,-88863.101562,-117905.718750,-261.752777,-346.783752,10.000000
100000.000000,-76847.585938,24888.304688,-226.674316,72.552109,10.000000
100000.000000,-1822.646729,144501.468750,-6.086765,424.217896,10.000000
100000.000000,5493.980957,32270.279297,15.193414,94.166862,10.000000
100000.000000,16294.933594,106900.054688,47.013042,313.649445,10.000000
100000.000000,-54943.781250,73502.320312,-162.458221,215.385071,10.000000
100000.000000,-124102.648438,-103174.257812,-365.166779,-303.512543,10.000000
100000.000000,-30348.785156,87777.367188,-90.122543,257.324036,10.000000
100000.000000,11972.668945,120396.500000,34.358627,353.346893,10.000000
100000.000000,-66198.992188,-73275.375000,-195.278915,-215.803024,10.000000
100000.000000,-30844.318359,-36195.460938,-91.510399,-106.963577,10.000000
100000.000000,-34608.816406,49028.058594,-102.642487,143.428528,10.000000
100000.000000,-57538.148438,69308.085938,-170.071655,203.061615,10.000000
100000.000000,-50520.906250,25218.966797,-149.369934,73.475266,10.000000
100000.000000,-11686.530273,173611.781250,-34.897419,509.796021,10.000000
100000.000000,-138762.640625,-114385.984375,-408.164795,-336.407928,10.000000
100000.000000,-87248.601562,-1933.640747,-257.151794,-6.250130,10.000000
100000.000000,-136956.328125,-76266.695312,-402.895050,-224.510544,10.000000
100000.000000,-109496.632812,-26170.171875,-322.391479,-77.422043,10.000000
100000.000000,-51003.277344,84398.765625,-150.866058,247.392609,10.000000
100000.000000,-33759.281250,82104.468750,-100.140778,240.643433,10.000000
100000.000000,-12948.197266,124532.250000,-38.861744,365.422668,10.000000
100000.000000,-29597.978516,162294.937500,-87.654488,476.386261,10.000000
