Mass,x_pos,y_pos,x_vel,y_vel,radius
689 
100000.000000,198729.453125,217964.296875,576.032715,636.112793,10.000000
100000.000000,261813.343750,272326.093750,756.878723,793.882385,10.000000
100000.000000,-370712.625000,31588.718750,-1083.850220,86.365715,10.000000
100000.000000,147914.625000,391308.156250,464.606842,1179.252563,10.000000
100000.000000,105816.492188,321833.250000,302.272766,924.827454,10.000000
100000.000000,164926.390625,365774.187500,542.531677,953.322388,10.000000
100000.000000,172875.812500,190115.531250,501.557648,554.638062,10.000000
100000.000000,72598.101562,28801.626953,208.518509,77.568748,10.000000
100000.000000,452555.468750,338962.218750,1311.076782,983.524109,10.000000
100000.000000,179814.734375,200278.734375,521.530518,584.367737,10.000000
100000.000000,-215921.703125,704395.500000,-632.499268,2047.515625,10.000000
100000.000000,-226202.187500,173781.812500,-670.505432,496.531494,10.000000
100000.000000,173570.453125,294459.312500,502.185669,863.256042,10.000000
100000.000000,83641.820312,315569.968750,238.689041,911.039185,10.000000
100000.000000,118559.156250,142709.203125,344.379761,416.145538,10.000000
100000.000000,-119222.187500,233009.765625,-355.375580,670.642212,10.000000
100000.000000,124024.000000,145269.187500,360.212952,423.599701,10.000000
100000.000000,200297.968750,326473.500000,575.309387,957.521545,10.000000
100000.000000,667067.687500,574857.812500,1934.905640,1667.601562,10.000000
100000.000000,197936.593750,309832.000000,586.778198,876.872742,10.000000
100000.000000,1916707.250000,2000415.500000,5562.693848,5805.766602,10.000000
100000.000000,2178114.000000,1839895.375000,6321.525391,5339.733398,10.000000
100000.000000,2191408.250000,1887560.625000,6360.082031,5478.114746,10.000000
100000.000000,817098.562500,723372.500000,2370.544189,2098.638184,10.000000
100000.000000,147403.046875,332269.093750,428.130432,940.357178,10.000000
100000.000000,-127766.078125,619430.437500,-402.628265,1821.059814,10.000000
100000.000000,171073.812500,252296.000000,495.741577,737.347961,10.000000
100000.000000,369393.093750,439167.187500,1068.106445,1273.211182,10.000000
100000.000000,198162.796875,321957.500000,569.671265,944.106873,10.000000
100000.000000,148449.484375,399328.375000,377.900330,1267.734741,10.000000
100000.000000,192118.921875,277735.562500,555.508972,812.346313,10.000000
100000.000000,284581.562500,-140806.859375,827.377075,-420.839325,10.000000
100000.000000,42470.285156,321098.656250,121.776680,930.260315,10.000000
100000.000000,-87380.734375,187420.546875,-282.523376,519.234619,10.000000
100000.000000,161108.312500,176246.781250,467.353912,513.872620,10.000000
100000.000000,-82928.210938,336421.562500,-269.035797,968.589905,10.000000
100000.000000,-42380.679688,424463.093750,-145.403305,1233.734375,10.000000
100000.000000,164864.093750,258172.062500,477.825714,754.756958,10.000000
100000.000000,84336.687500,304373.218750,237.862885,873.794434,10.000000
100000.000000,191937.531250,298805.812500,553.960571,875.157471,10.000000
100000.000000,-10013.566406,863523.687500,-42.760014,2539.906738,10.000000
100000.000000,39798.089844,815487.000000,112.088181,2372.649902,10.000000
100000.000000,150559.578125,205851.312500,436.763306,600.572876,10.000000
100000.000000,175234.687500,358473.031250,496.710815,1061.715210,10.000000
100000.000000,160931.359375,288162.812500,466.293732,844.276001,10.000000
100000.000000,101743.031250,142226.828125,295.410736,414.568359,10.000000
100000.000000,129264.234375,179351.703125,375.163879,522.954590,10.000000
100000.000000,101309.507812,156985.781250,294.136841,457.615753,10.000000
100000.000000,93344.578125,127631.890625,271.069336,372.035431,10.000000
100000.000000,146985.078125,166875.687500,426.464264,486.457611,10.000000
100000.000000,101919.984375,131025.429688,295.944366,381.897614,10.000000
100000.000000,2433617.750000,2084308.750000,7062.888672,6049.032227,10.000000
100000.000000,175745.406250,149553.812500,509.704407,435.724731,10.000000
100000.000000,144528.984375,122272.265625,419.437134,356.198761,10.000000
100000.000000,167286.750000,279808.937500,484.454346,819.053101,10.000000
100000.000000,109448.984375,386560.625000,343.877808,1125.481445,10.000000
100000.000000,174924.765625,323221.062500,504.031769,950.473206,10.000000
100000.000000,128558.546875,217272.859375,373.176178,633.967163,10.000000
100000.000000,144378.906250,180053.656250,418.858124,524.941650,10.000000
100000.000000,124027.312500,188023.906250,359.965118,548.246521,10.000000
100000.000000,110408.046875,138993.421875,320.500366,405.061737,10.000000
100000.000000,144019.828125,146446.921875,417.872345,426.736267,10.000000
100000.000000,131567.203125,216268.031250,381.857147,631.019409,10.000000
100000.000000,99182.078125,154783.750000,287.918549,451.123962,10.000000
100000.000000,108008.359375,109552.867188,313.636749,319.221008,10.000000
100000.000000,144412.109375,120991.437500,419.078003,352.442322,10.000000
100000.000000,-151230.828125,110951.468750,-442.561829,318.791351,10.000000
100000.000000,-2659.975098,530651.500000,-9.268284,1538.456665,10.000000
100000.000000,124351.179688,225390.593750,361.057922,657.746826,10.000000
100000.000000,105339.734375,186428.281250,305.821716,543.498962,10.000000
100000.000000,187652.718750,165784.281250,544.019958,483.046143,10.000000
100000.000000,156907.812500,171303.250000,455.086823,499.298615,10.000000
100000.000000,93157.656250,149839.234375,270.424927,436.684418,10.000000
100000.000000,105884.093750,157569.296875,307.340607,459.226685,10.000000
100000.000000,94915.960938,337605.156250,281.418243,984.658142,10.000000
100000.000000,107005.500000,127687.304688,310.635651,372.071503,10.000000
100000.000000,178684.765625,227162.703125,517.709961,662.929688,10.000000
100000.000000,114433.289062,114347.789062,332.217102,333.149872,10.000000
100000.000000,94314.328125,120798.046875,273.835907,352.030823,10.000000
100000.000000,175310.031250,267264.187500,507.529236,781.437622,10.000000
100000.000000,95418.632812,117311.078125,277.051697,341.862305,10.000000
100000.000000,111882.054688,177591.515625,324.736847,517.670593,10.000000
100000.000000,149685.234375,205998.156250,434.133942,600.865967,10.000000
100000.000000,164442.078125,233373.937500,476.635834,681.290710,10.000000
100000.000000,133376.203125,161239.812500,386.982666,469.906189,10.000000
100000.000000,-136637.218750,-25492.871094,-406.762634,-87.573486,10.000000
100000.000000,131926.140625,165564.500000,382.773499,482.533936,10.000000
100000.000000,132183.609375,203659.578125,383.551361,593.973389,10.000000
100000.000000,147439.453125,397425.906250,275.115784,1003.794006,10.000000
100000.000000,95781.375000,127359.140625,278.051941,371.122162,10.000000
100000.000000,153089.140625,127119.046875,444.117798,370.249207,10.000000
100000.000000,80955.898438,106410.492188,235.101166,310.160492,10.000000
100000.000000,108112.640625,189402.156250,313.837799,552.144287,10.000000
100000.000000,138528.687500,184347.687500,401.864868,537.425171,10.000000
100000.000000,157194.734375,264616.718750,455.689148,773.697510,10.000000
100000.000000,83803.289062,106978.007812,243.362381,311.790588,10.000000
100000.000000,108321.765625,175980.625000,314.396545,512.921631,10.000000
100000.000000,101316.734375,150765.250000,294.062897,439.329285,10.000000
100000.000000,-9681882.000000,452165.531250,-28105.726562,1311.012085,10.000000
100000.000000,-1081342.500000,-343656.375000,-3140.466309,-999.138062,10.000000
100000.000000,283327.437500,2290111.000000,821.112549,6646.277832,10.000000
100000.000000,22756750.000000,40053188.000000,66056.062500,116262.015625,10.000000
100000.000000,7505.051270,109186.820312,20.906031,316.666595,10.000000
100000.000000,-55555.347656,-50680.792969,-162.153915,-147.733231,10.000000
100000.000000,-11135.625000,-20313.308594,-33.254570,-59.624092,10.000000
100000.000000,-100230.234375,-87529.421875,-291.711487,-254.619049,10.000000
100000.000000,-2430.689209,24604.410156,-8.010196,70.826416,10.000000
100000.000000,-5749.265137,194972.781250,-17.128277,566.096191,10.000000
100000.000000,-37127.363281,-29588.039062,-108.696335,-86.525009,10.000000
100000.000000,-32616.039062,55790.683594,-95.677650,161.440887,10.000000
100000.000000,-85207.984375,-88207.164062,-248.139435,-256.600586,10.000000
100000.000000,61343.761719,99633.648438,177.191742,289.000793,10.000000
100000.000000,-62049.886719,20646.439453,-181.089630,59.382092,10.000000
100000.000000,-44236.515625,34236.746094,-129.401382,98.834488,10.000000
100000.000000,-78527.648438,-94217.031250,-228.754303,-274.044434,10.000000
100000.000000,50334.960938,291212.187500,148.125763,847.632568,10.000000
100000.000000,-6543.929688,104152.781250,-19.905859,301.997101,10.000000
100000.000000,-36484.953125,42078.359375,-106.902084,121.604042,10.000000
100000.000000,-1536.852661,33330.750000,-5.414552,96.175499,10.000000
100000.000000,-120648.960938,-73999.023438,-350.938354,-215.336334,10.000000
100000.000000,-40675.781250,-634.981506,-119.025185,-2.453535,10.000000
100000.000000,179.529404,109406.500000,-0.358492,317.285034,10.000000
100000.000000,31777.441406,73028.460938,91.335922,211.566040,10.000000
100000.000000,46457.230469,134250.453125,134.096069,389.716034,10.000000
100000.000000,-23821.976562,125363.546875,-70.067589,363.605133,10.000000
100000.000000,-29022.582031,121330.710938,-85.199608,351.871063,10.000000
100000.000000,-29372.712891,101759.976562,-86.248131,295.000214,10.000000
100000.000000,-135813.734375,-127402.179688,-394.865601,-370.266174,10.000000
100000.000000,-28105.076172,101353.273438,-82.559792,293.820190,10.000000
100000.000000,21357.992188,58136.113281,61.073849,168.259903,10.000000
100000.000000,-112062.664062,-68771.460938,-326.046021,-200.174683,10.000000
100000.000000,-15801.643555,53142.539062,-46.836113,153.736191,10.000000
100000.000000,42656.527344,54760.660156,122.913414,158.457718,10.000000
100000.000000,-23066.244141,149717.468750,-67.773888,434.383606,10.000000
100000.000000,-12863.504883,133751.421875,-38.178970,388.014099,10.000000
100000.000000,-48883.382812,-14536.625977,-142.833160,-42.815350,10.000000
100000.000000,-4859.104980,93880.476562,-15.022408,272.129883,10.000000
100000.000000,25545.667969,26284.929688,73.232376,75.693779,10.000000
100000.000000,-10168.572266,181628.453125,-30.072067,527.229736,10.000000
100000.000000,-29791.486328,63264.175781,-87.472389,183.139557,10.000000
100000.000000,8917.217773,17599.578125,24.950470,50.464241,10.000000
100000.000000,-56293.679688,-68455.375000,-164.276001,-199.318848,10.000000
100000.000000,-24147.583984,101129.789062,-71.054047,293.167358,10.000000
100000.000000,5252.182617,114121.328125,14.394634,330.993652,10.000000
100000.000000,-29819.156250,95051.054688,-87.545807,275.495331,10.000000
100000.000000,-73520.437500,-8385.609375,-214.333374,-24.925009,10.000000
100000.000000,-1444.486450,133111.468750,-4.994083,386.188477,10.000000
100000.000000,-119719.820312,-109569.906250,-348.214081,-318.548615,10.000000
100000.000000,41528.312500,119745.445312,119.749077,347.464935,10.000000
100000.000000,-110780.632812,-29238.484375,-322.367432,-85.427200,10.000000
100000.000000,19817.501953,296982.000000,59.309116,863.197021,10.000000
100000.000000,-47621.343750,-67630.445312,-139.111313,-196.934830,10.000000
100000.000000,-23556.968750,177237.109375,-69.024193,514.351013,10.000000
100000.000000,15390.918945,101118.992188,43.812832,293.203766,10.000000
100000.000000,-2744.450195,69611.078125,-8.904032,201.583176,10.000000
100000.000000,-81779.289062,15054.878906,-238.327347,43.159786,10.000000
100000.000000,23575.837891,174092.203125,67.927948,505.557312,10.000000
100000.000000,13493.448242,312541.500000,41.333656,908.084900,10.000000
100000.000000,38089.769531,198136.234375,110.298187,575.727417,10.000000
100000.000000,-13309.537109,-14869.375000,-39.565632,-43.826458,10.000000
100000.000000,-163858.390625,-163873.765625,-476.159821,-476.034637,10.000000
100000.000000,-12423.616211,150131.968750,-36.815456,435.613342,10.000000
100000.000000,-54613.656250,-38369.644531,-159.436722,-112.005737,10.000000
100000.000000,-62050.125000,15219.952148,-181.088577,43.604202,10.000000
100000.000000,-34107.953125,86467.085938,-100.009476,250.536423,10.000000
100000.000000,-10905.524414,26292.298828,-32.608124,75.714470,10.000000
100000.000000,-26312.535156,182323.984375,-76.989937,529.099060,10.000000
100000.000000,51771.371094,177165.531250,149.801025,514.731384,10.000000
100000.000000,-28014.339844,49913.410156,-82.303932,144.334564,10.000000
100000.000000,-4227.873535,-12575.646484,-13.196351,-37.173786,10.000000
100000.000000,-80127.859375,-55907.324219,-233.443481,-162.879364,10.000000
100000.000000,-15356.194336,36502.933594,-45.535381,105.374390,10.000000
100000.000000,-47237.558594,99054.007812,-138.191071,287.095795,10.000000
100000.000000,-62168.109375,68769.562500,-181.553818,199.159576,10.000000
100000.000000,-43637.578125,27216.449219,-127.655647,78.417389,10.000000
100000.000000,-89910.101562,-119292.843750,-261.752289,-346.782776,10.000000
100000.000000,-77754.273438,25178.517578,-226.673462,72.553528,10.000000
100000.000000,-1846.989502,146198.343750,-6.084868,424.221069,10.000000
100000.000000,5554.756348,32646.951172,15.194166,94.168785,10.000000
100000.000000,16482.992188,108154.679688,47.014343,313.652374,10.000000
100000.000000,-55593.625000,74363.882812,-162.457077,215.386902,10.000000
100000.000000,-125563.335938,-104388.320312,-365.166290,-303.511749,10.000000
100000.000000,-30709.269531,88806.679688,-90.121300,257.326233,10.000000
100000.000000,12110.106445,121809.875000,34.360111,353.349823,10.000000
100000.000000,-66980.117188,-74138.562500,-195.278427,-215.801926,10.000000
100000.000000,-31210.365234,-36623.304688,-91.509850,-106.962242,10.000000
100000.000000,-35019.378906,49601.777344,-102.641518,143.430359,10.000000
100000.000000,-58218.429688,70120.335938,-170.070557,203.063431,10.000000
100000.000000,-51118.375000,25512.873047,-149.369080,73.476837,10.000000
100000.000000,-11826.114258,175651.015625,-34.894939,509.799438,10.000000
100000.000000,-140395.265625,-115731.609375,-408.164307,-336.407196,10.000000
100000.000000,-88277.226562,-1958.638428,-257.151062,-6.248865,10.000000
100000.000000,-138567.953125,-77164.757812,-402.894562,-224.509689,10.000000
100000.000000,-110786.195312,-26479.859375,-322.390747,-77.420944,10.000000
100000.000000,-51606.746094,85388.328125,-150.864838,247.394562,10.000000
100000.000000,-34159.843750,83067.031250,-100.139557,240.645508,10.000000
100000.000000,-13103.640625,125993.937500,-38.860119,365.425354,10.000000
100000.000000,-29948.587891,164200.437500,-87.652252,476.389191,10.000000
