Mass,x_pos,y_pos,x_vel,y_vel,radius
695 
100000.000000,200457.546875,219872.671875,576.030884,636.119385,10.000000
100000.000000,264083.968750,274707.718750,756.873230,793.888367,10.000000
100000.000000,-373964.250000,31847.820312,-1083.849487,86.366035,10.000000
100000.000000,149308.546875,394860.375000,464.638611,1187.535156,10.000000
100000.000000,106723.335938,324607.781250,302.288239,924.854858,10.000000
100000.000000,166553.843750,368634.437500,542.442444,953.484985,10.000000
100000.000000,174380.500000,191779.468750,501.556976,554.643433,10.000000
100000.000000,73223.648438,29034.337891,208.518875,77.570358,10.000000
100000.000000,456488.656250,341912.718750,1311.074585,983.524475,10.000000
100000.000000,181379.328125,202031.859375,521.529419,584.373596,10.000000
100000.000000,-217819.203125,710538.000000,-632.498535,2047.514893,10.000000
100000.000000,-228213.687500,175271.406250,-670.504333,496.532043,10.000000
100000.000000,175077.015625,297049.062500,502.180542,863.276367,10.000000
100000.000000,84357.914062,318303.156250,238.702499,911.056152,10.000000
100000.000000,119592.281250,143957.671875,344.380127,416.149017,10.000000
100000.000000,-120288.312500,235021.734375,-355.373566,670.643311,10.000000
100000.000000,125104.656250,146539.968750,360.213318,423.603363,10.000000
100000.000000,202023.875000,329346.125000,575.291260,957.545837,10.000000
100000.000000,672872.312500,579860.687500,1934.904907,1667.601562,10.000000
100000.000000,199696.937500,312462.625000,586.766663,876.892761,10.000000
100000.000000,1933395.500000,2017832.750000,5562.693848,5805.766602,10.000000
100000.000000,2197078.500000,1855914.625000,6321.525391,5339.733398,10.000000
100000.000000,2210488.250000,1903994.625000,6360.082031,5478.114746,10.000000
100000.000000,824210.062500,729668.375000,2370.544189,2098.638184,10.000000
100000.000000,148687.421875,335090.250000,428.130981,940.413025,10.000000
100000.000000,-128973.953125,624893.437500,-402.626801,1821.058350,10.000000
100000.000000,172561.062500,254508.031250,495.739929,737.358582,10.000000
100000.000000,372597.468750,442986.750000,1068.102051,1273.210449,10.000000
100000.000000,199871.765625,324789.875000,569.655273,944.130676,10.000000
100000.000000,149575.609375,403074.875000,373.998474,1236.201904,10.000000
100000.000000,193785.421875,280172.687500,555.503845,812.359863,10.000000
100000.000000,287063.687500,-142069.390625,827.376709,-420.838593,10.000000
100000.000000,42835.636719,323889.406250,121.787872,930.268372,10.000000
100000.000000,-88228.281250,188978.296875,-282.521576,519.236084,10.000000
100000.000000,162510.343750,177788.406250,467.353546,513.877380,10.000000
100000.000000,-83735.304688,339327.250000,-269.031860,968.591003,10.000000
100000.000000,-42816.875000,428164.343750,-145.397110,1233.733643,10.000000
100000.000000,166297.531250,260436.343750,477.824249,754.768738,10.000000
100000.000000,85050.296875,306994.656250,237.873337,873.809631,10.000000
100000.000000,193599.421875,301431.375000,553.952332,875.175842,10.000000
100000.000000,-10141.845703,871143.312500,-42.759712,2539.905273,10.000000
100000.000000,40134.347656,822604.875000,112.088501,2372.648438,10.000000
100000.000000,151869.828125,207653.031250,436.763306,600.579163,10.000000
100000.000000,176724.703125,361658.343750,496.649841,1061.801270,10.000000
100000.000000,162330.203125,290695.718750,466.291473,844.295288,10.000000
100000.000000,102629.250000,143470.515625,295.411285,414.571838,10.000000
100000.000000,130389.734375,180920.609375,375.164246,522.959351,10.000000
100000.000000,102191.929688,158358.656250,294.137573,457.619598,10.000000
100000.000000,94157.765625,128747.984375,271.069885,372.038452,10.000000
100000.000000,148264.484375,168335.093750,426.464264,486.462006,10.000000
100000.000000,102807.796875,132171.140625,295.944916,381.900726,10.000000
100000.000000,2454806.750000,2102455.750000,7062.888672,6049.032227,10.000000
100000.000000,177274.562500,150860.968750,509.704041,435.728424,10.000000
100000.000000,145787.296875,123340.875000,419.437134,356.201874,10.000000
100000.000000,168740.093750,282266.125000,484.451599,819.069397,10.000000
100000.000000,110480.867188,389937.125000,344.018524,1125.518799,10.000000
100000.000000,176436.859375,326072.562500,504.018799,950.508789,10.000000
100000.000000,129678.062500,219174.765625,373.176910,633.974121,10.000000
100000.000000,145635.437500,181628.468750,418.858124,524.946594,10.000000
100000.000000,125107.218750,189668.656250,359.965668,548.251648,10.000000
100000.000000,111369.546875,140208.609375,320.500916,405.065125,10.000000
100000.000000,145273.453125,147727.171875,417.872345,426.739929,10.000000
100000.000000,132712.734375,218161.125000,381.857849,631.026367,10.000000
100000.000000,100045.843750,156137.125000,287.919281,451.127655,10.000000
100000.000000,108949.281250,110510.523438,313.637115,319.223755,10.000000
100000.000000,145669.296875,122048.757812,419.078003,352.445435,10.000000
100000.000000,-152558.515625,111907.859375,-442.560913,318.792267,10.000000
100000.000000,-2687.772705,535267.000000,-9.264008,1538.453003,10.000000
100000.000000,125434.367188,227363.843750,361.059021,657.754517,10.000000
100000.000000,106257.218750,188058.781250,305.822693,543.503906,10.000000
100000.000000,189284.812500,167233.453125,544.019226,483.050354,10.000000
100000.000000,158273.093750,172801.187500,455.086639,499.303192,10.000000
100000.000000,93968.921875,151149.296875,270.425659,436.687897,10.000000
100000.000000,106806.125000,158946.953125,307.341339,459.230530,10.000000
100000.000000,95760.257812,340559.218750,281.442749,984.685425,10.000000
100000.000000,107937.421875,128803.539062,310.636200,372.074615,10.000000
100000.000000,180237.921875,229151.515625,517.708496,662.937378,10.000000
100000.000000,115429.945312,115347.257812,332.217468,333.152740,10.000000
100000.000000,95135.859375,121854.140625,273.836456,352.033752,10.000000
100000.000000,176832.625000,269608.500000,507.526489,781.450562,10.000000
100000.000000,96249.773438,118336.656250,277.052246,341.865082,10.000000
100000.000000,112856.257812,179144.562500,324.737579,517.675354,10.000000
100000.000000,150987.609375,207800.781250,434.133942,600.872253,10.000000
100000.000000,165871.953125,235417.812500,476.634918,681.299194,10.000000
100000.000000,134537.109375,162649.531250,386.982849,469.910400,10.000000
100000.000000,-137857.468750,-25755.593750,-406.762085,-87.572754,10.000000
100000.000000,133074.484375,167012.093750,382.773865,482.538269,10.000000
100000.000000,133334.296875,205441.484375,383.551910,593.979614,10.000000
100000.000000,148775.515625,400191.343750,602.856018,894.838135,10.000000
100000.000000,96615.515625,128472.515625,278.052490,371.125214,10.000000
100000.000000,154421.515625,128229.796875,444.117798,370.252380,10.000000
100000.000000,81661.195312,107340.960938,235.101715,310.163055,10.000000
100000.000000,109054.171875,191058.625000,313.838715,552.149414,10.000000
100000.000000,139734.312500,185960.000000,401.865051,537.430298,10.000000
100000.000000,158561.796875,266937.781250,455.688232,773.710693,10.000000
100000.000000,84533.367188,107913.398438,243.362930,311.793152,10.000000
100000.000000,109264.937500,177519.437500,314.397278,512.926025,10.000000
100000.000000,102198.921875,152083.281250,294.063629,439.332947,10.000000
100000.000000,-9766200.000000,456098.531250,-28105.726562,1311.012085,10.000000
100000.000000,-1090764.000000,-346653.750000,-3140.466309,-999.138062,10.000000
100000.000000,285790.812500,2310050.500000,821.112549,6646.277832,10.000000
100000.000000,22954918.000000,40401980.000000,66056.062500,116262.015625,10.000000
100000.000000,7567.770996,110136.835938,20.907022,316.668610,10.000000
100000.000000,-56041.816406,-51123.996094,-162.153549,-147.732346,10.000000
100000.000000,-11235.386719,-20492.181641,-33.254158,-59.623005,10.000000
100000.000000,-101105.390625,-88293.296875,-291.711121,-254.618317,10.000000
100000.000000,-2454.718994,24816.894531,-8.009656,70.827744,10.000000
100000.000000,-5800.645996,196671.062500,-17.126097,566.099121,10.000000
100000.000000,-37453.449219,-29847.609375,-108.695923,-86.524025,10.000000
100000.000000,-32903.070312,56275.011719,-95.676918,161.442261,10.000000
100000.000000,-85952.406250,-88976.945312,-248.139069,-256.599854,10.000000
100000.000000,61875.347656,100500.648438,177.192383,289.003174,10.000000
100000.000000,-62593.144531,20824.587891,-181.088989,59.383183,10.000000
100000.000000,-44624.710938,34533.253906,-129.400742,98.835709,10.000000
100000.000000,-79213.898438,-95039.171875,-228.753937,-274.043701,10.000000
100000.000000,50779.351562,293755.062500,148.133331,847.640686,10.000000
100000.000000,-6603.645508,105058.781250,-19.904871,301.998932,10.000000
100000.000000,-36805.648438,42443.164062,-106.901398,121.605324,10.000000
100000.000000,-1553.095337,33619.285156,-5.413981,96.176880,10.000000
100000.000000,-121701.773438,-74645.031250,-350.937988,-215.335663,10.000000
100000.000000,-41032.851562,-642.340149,-119.024681,-2.452453,10.000000
100000.000000,178.455719,110358.343750,-0.357478,317.287048,10.000000
100000.000000,32051.449219,73663.148438,91.336578,211.567871,10.000000
100000.000000,46859.511719,135419.609375,134.097137,389.718781,10.000000
100000.000000,-24032.175781,126454.375000,-70.066399,363.606964,10.000000
100000.000000,-29278.179688,122386.335938,-85.198441,351.872894,10.000000
100000.000000,-29631.451172,102644.976562,-86.247124,295.001862,10.000000
100000.000000,-136998.359375,-128512.976562,-394.865234,-370.265625,10.000000
100000.000000,-28352.751953,102234.757812,-82.558784,293.821838,10.000000
100000.000000,21541.214844,58640.886719,61.074467,168.261551,10.000000
100000.000000,-113040.804688,-69371.976562,-326.045654,-200.173950,10.000000
100000.000000,-15942.151367,53603.742188,-46.835426,153.737656,10.000000
100000.000000,43025.269531,55236.042969,122.913963,158.459457,10.000000
100000.000000,-23269.564453,151020.593750,-67.772423,434.385742,10.000000
100000.000000,-12978.039062,134915.453125,-38.177700,388.016113,10.000000
100000.000000,-49311.890625,-14665.069336,-142.832703,-42.814342,10.000000
100000.000000,-4904.170410,94696.851562,-15.021502,272.131714,10.000000
100000.000000,25765.371094,26512.015625,73.232841,75.695229,10.000000
100000.000000,-10258.785156,183210.109375,-30.070145,527.232300,10.000000
100000.000000,-30053.904297,63813.597656,-87.471611,183.141022,10.000000
100000.000000,8992.071289,17750.972656,24.950960,50.465576,10.000000
100000.000000,-56786.500000,-69053.312500,-164.275635,-199.318024,10.000000
100000.000000,-24360.748047,102009.304688,-71.053040,293.169006,10.000000
100000.000000,5295.368164,115114.328125,14.395676,330.995667,10.000000
100000.000000,-30081.794922,95877.554688,-87.544846,275.496979,10.000000
100000.000000,-74163.421875,-8460.381836,-214.332825,-24.924055,10.000000
100000.000000,-1459.466553,134270.031250,-4.992840,386.190674,10.000000
100000.000000,-120764.476562,-110525.546875,-348.213715,-318.548065,10.000000
100000.000000,41887.562500,120787.851562,119.750031,347.467316,10.000000
100000.000000,-111747.726562,-29494.761719,-322.366882,-85.426407,10.000000
100000.000000,19995.441406,299571.562500,59.316017,863.202515,10.000000
100000.000000,-48038.671875,-68221.257812,-139.110947,-196.934006,10.000000
100000.000000,-23764.039062,178780.140625,-69.022362,514.353210,10.000000
100000.000000,15522.358398,101998.601562,43.813736,293.205780,10.000000
100000.000000,-2771.160889,70215.812500,-8.903284,201.584824,10.000000
100000.000000,-82494.273438,15184.359375,-238.326706,43.160789,10.000000
100000.000000,23779.626953,175608.890625,67.929688,505.560425,10.000000
100000.000000,13617.461914,315265.687500,41.341427,908.089661,10.000000
100000.000000,38420.660156,199863.390625,110.300362,575.731445,10.000000
100000.000000,-13428.232422,-15000.853516,-39.565197,-43.825356,10.000000
100000.000000,-165286.859375,-165301.859375,-476.159576,-476.034088,10.000000
100000.000000,-12534.059570,151438.843750,-36.813999,435.615540,10.000000
100000.000000,-55091.968750,-38705.667969,-159.436264,-112.004822,10.000000
100000.000000,-62593.382812,15350.767578,-181.088028,43.605274,10.000000
100000.000000,-34407.976562,87218.679688,-100.008560,250.537979,10.000000
100000.000000,-11003.346680,26519.443359,-32.607559,75.715790,10.000000
100000.000000,-26543.500000,183911.265625,-76.988022,529.101257,10.000000
100000.000000,52220.785156,178709.718750,149.802673,514.735046,10.000000
100000.000000,-28261.253906,50346.417969,-82.303246,144.335938,10.000000
100000.000000,-4267.462402,-12687.166016,-13.195927,-37.172646,10.000000
100000.000000,-80828.171875,-56395.960938,-233.443115,-162.878540,10.000000
100000.000000,-15492.799805,36819.058594,-45.534763,105.375740,10.000000
100000.000000,-47652.121094,99915.289062,-138.190063,287.097260,10.000000
100000.000000,-62712.773438,69367.031250,-181.552994,199.160858,10.000000
100000.000000,-44020.546875,27451.703125,-127.655037,78.418579,10.000000
100000.000000,-90695.351562,-120333.187500,-261.751923,-346.782043,10.000000
100000.000000,-78434.289062,25396.181641,-226.672821,72.554581,10.000000
100000.000000,-1865.241821,147471.000000,-6.083475,424.223450,10.000000
100000.000000,5600.339355,32929.460938,15.194718,94.170204,10.000000
100000.000000,16624.039062,109095.648438,47.015301,313.654419,10.000000
100000.000000,-56080.984375,75010.054688,-162.456253,215.388275,10.000000
100000.000000,-126658.851562,-105298.867188,-365.165924,-303.511200,10.000000
100000.000000,-30979.632812,89578.664062,-90.120384,257.327881,10.000000
100000.000000,12213.189453,122869.921875,34.361202,353.352020,10.000000
100000.000000,-67565.960938,-74785.953125,-195.278061,-215.801102,10.000000
100000.000000,-31484.890625,-36944.187500,-91.509438,-106.961281,10.000000
100000.000000,-35327.300781,50032.066406,-102.640831,143.431702,10.000000
100000.000000,-58728.640625,70729.523438,-170.069733,203.064713,10.000000
100000.000000,-51566.476562,25733.302734,-149.368439,73.477982,10.000000
100000.000000,-11930.795898,177180.453125,-34.893120,509.802002,10.000000
100000.000000,-141619.734375,-116740.828125,-408.163940,-336.406647,10.000000
100000.000000,-89048.695312,-1977.383423,-257.150513,-6.247937,10.000000
100000.000000,-139776.671875,-77838.304688,-402.894196,-224.509048,10.000000
100000.000000,-111753.367188,-26712.125000,-322.390198,-77.420135,10.000000
100000.000000,-52059.347656,86130.500000,-150.863922,247.396011,10.000000
100000.000000,-34460.265625,83788.953125,-100.138687,240.647064,10.000000
100000.000000,-13220.218750,127090.203125,-38.858929,365.427368,10.000000
100000.000000,-30211.544922,165629.609375,-87.650604,476.391388,10.000000
