Mass,x_pos,y_pos,x_vel,y_vel,radius
702 
100000.000000,202473.656250,222099.109375,576.028748,636.126709,10.000000
100000.000000,266733.031250,277486.281250,756.866821,793.895203,10.000000
100000.000000,-377757.812500,32150.105469,-1083.848633,86.366409,10.000000
100000.000000,150934.500000,399036.812500,464.454315,1197.644409,10.000000
100000.000000,107781.382812,327844.843750,302.305939,924.886230,10.000000
100000.000000,168452.187500,371972.000000,542.342529,953.666992,10.000000
100000.000000,176135.968750,193720.765625,501.556335,554.649414,10.000000
100000.000000,73953.453125,29305.833984,208.519302,77.572212,10.000000
100000.000000,461077.375000,345354.968750,1311.072021,983.524902,10.000000
100000.000000,183204.687500,204077.171875,521.528198,584.380249,10.000000
100000.000000,-220032.953125,717704.250000,-632.497681,2047.514038,10.000000
100000.000000,-230560.437500,177009.265625,-670.503052,496.532684,10.000000
100000.000000,176834.671875,300070.625000,502.174774,863.299622,10.000000
100000.000000,85193.406250,321491.875000,238.717911,911.075562,10.000000
100000.000000,120797.593750,145414.218750,344.380554,416.153076,10.000000
100000.000000,-121532.125000,237369.031250,-355.371216,670.644592,10.000000
100000.000000,126365.421875,148022.546875,360.213745,423.607483,10.000000
100000.000000,204037.359375,332697.593750,575.270508,957.573730,10.000000
100000.000000,679644.375000,585697.375000,1934.904053,1667.601562,10.000000
100000.000000,201750.562500,315531.781250,586.753418,876.915649,10.000000
100000.000000,1952865.125000,2038152.875000,5562.693848,5805.766602,10.000000
100000.000000,2219203.750000,1874603.750000,6321.525391,5339.733398,10.000000
100000.000000,2232748.250000,1923167.625000,6360.082031,5478.114746,10.000000
100000.000000,832506.812500,737013.562500,2370.544189,2098.638184,10.000000
100000.000000,150185.859375,338381.812500,428.131622,940.476807,10.000000
100000.000000,-130383.140625,631266.937500,-402.625092,1821.056641,10.000000
100000.000000,174296.187500,257088.843750,495.738007,737.370972,10.000000
100000.000000,376335.906250,447442.906250,1068.096924,1273.209595,10.000000
100000.000000,201865.531250,328094.343750,569.636963,944.157959,10.000000
100000.000000,150880.718750,407338.500000,372.404327,1205.323730,10.000000
100000.000000,195729.671875,283016.000000,555.498169,812.375305,10.000000
100000.000000,289959.500000,-143542.343750,827.376587,-420.837738,10.000000
100000.000000,43261.917969,327145.281250,121.800690,930.277527,10.000000
100000.000000,-89217.085938,190795.671875,-282.519653,519.237793,10.000000
100000.000000,164146.046875,179586.968750,467.353180,513.882935,10.000000
100000.000000,-84676.914062,342717.218750,-269.027374,968.592285,10.000000
100000.000000,-43325.750000,432482.468750,-145.390015,1233.732788,10.000000
100000.000000,167969.875000,263078.062500,477.822540,754.782349,10.000000
100000.000000,85882.875000,310053.000000,237.885300,873.827026,10.000000
100000.000000,195538.203125,304494.531250,553.942932,875.196899,10.000000
100000.000000,-10291.504883,880032.875000,-42.759365,2539.903564,10.000000
100000.000000,40526.648438,830909.062500,112.088875,2372.646729,10.000000
100000.000000,153398.453125,209755.109375,436.763306,600.586426,10.000000
100000.000000,178462.843750,365374.812500,496.579773,1061.900024,10.000000
100000.000000,163962.187500,293650.812500,466.288910,844.317383,10.000000
100000.000000,103663.171875,144921.484375,295.411926,414.575684,10.000000
100000.000000,131702.812500,182751.000000,375.164673,522.964905,10.000000
100000.000000,103221.421875,159960.343750,294.138428,457.623962,10.000000
100000.000000,95106.507812,130050.140625,271.070526,372.041870,10.000000
100000.000000,149757.125000,170037.734375,426.464264,486.467041,10.000000
100000.000000,103843.601562,133507.812500,295.945557,381.904358,10.000000
100000.000000,2479527.250000,2123627.250000,7062.888672,6049.032227,10.000000
100000.000000,179058.578125,152385.984375,509.703613,435.732697,10.000000
100000.000000,147255.328125,124587.585938,419.437134,356.205414,10.000000
100000.000000,170435.625000,285132.843750,484.448608,819.088074,10.000000
100000.000000,111685.265625,393876.531250,344.180298,1125.561768,10.000000
100000.000000,178200.875000,329399.437500,504.003937,950.549561,10.000000
100000.000000,130984.164062,221393.656250,373.177765,633.982239,10.000000
100000.000000,147101.390625,183465.750000,418.858124,524.952148,10.000000
100000.000000,126367.109375,191587.531250,359.966309,548.257629,10.000000
100000.000000,112491.296875,141626.328125,320.501556,405.068970,10.000000
100000.000000,146736.015625,149220.796875,417.872345,426.744202,10.000000
100000.000000,134049.187500,220369.734375,381.858490,631.034485,10.000000
100000.000000,101053.570312,157716.062500,287.920135,451.131927,10.000000
100000.000000,110047.023438,111627.796875,313.637543,319.226959,10.000000
100000.000000,147136.015625,123282.343750,419.078003,352.448883,10.000000
100000.000000,-154107.484375,113023.648438,-442.559845,318.793335,10.000000
100000.000000,-2720.187012,540651.750000,-9.259111,1538.448730,10.000000
100000.000000,126698.085938,229665.968750,361.060303,657.763367,10.000000
100000.000000,107327.617188,189961.031250,305.823761,543.509460,10.000000
100000.000000,191188.921875,168924.171875,544.018372,483.055084,10.000000
100000.000000,159865.921875,174548.781250,455.086426,499.308380,10.000000
100000.000000,94915.398438,152677.703125,270.426514,436.691956,10.000000
100000.000000,107881.828125,160554.234375,307.342194,459.235016,10.000000
100000.000000,96745.367188,344005.625000,281.470795,984.716736,10.000000
100000.000000,109024.664062,130105.812500,310.636841,372.078217,10.000000
100000.000000,182049.937500,231471.796875,517.706787,662.946228,10.000000
100000.000000,116592.710938,116513.304688,332.217896,333.155945,10.000000
100000.000000,96094.312500,123086.250000,273.837097,352.037018,10.000000
100000.000000,178608.984375,272343.531250,507.523315,781.465454,10.000000
100000.000000,97219.437500,119533.187500,277.052887,341.868286,10.000000
100000.000000,113992.828125,180956.468750,324.738434,517.680603,10.000000
100000.000000,152507.046875,209903.843750,434.133942,600.879517,10.000000
100000.000000,167540.140625,237802.406250,476.633850,681.309021,10.000000
100000.000000,135891.500000,164294.203125,386.983063,469.915100,10.000000
100000.000000,-139281.093750,-26062.097656,-406.761444,-87.571899,10.000000
100000.000000,134414.218750,168700.953125,382.774292,482.543182,10.000000
100000.000000,134676.765625,207520.421875,383.552551,593.986694,10.000000
100000.000000,151210.281250,404824.031250,288.505127,1550.792114,10.000000
100000.000000,97588.679688,129771.453125,278.053131,371.128632,10.000000
100000.000000,155975.953125,129525.671875,444.117798,370.256012,10.000000
100000.000000,82484.078125,108426.546875,235.102356,310.166046,10.000000
100000.000000,110152.625000,192991.171875,313.839783,552.155396,10.000000
100000.000000,141140.875000,187841.031250,401.865265,537.436279,10.000000
100000.000000,160156.703125,269645.812500,455.687164,773.725769,10.000000
100000.000000,85385.125000,109004.687500,243.363571,311.796143,10.000000
100000.000000,110365.304688,179314.718750,314.398132,512.931152,10.000000
100000.000000,103228.140625,153620.984375,294.064484,439.337097,10.000000
100000.000000,-9864571.000000,460687.031250,-28105.726562,1311.012085,10.000000
100000.000000,-1101755.750000,-350150.687500,-3140.466309,-999.138062,10.000000
100000.000000,288664.750000,2333313.250000,821.112549,6646.277832,10.000000
100000.000000,23186114.000000,40808904.000000,66056.062500,116262.015625,10.000000
100000.000000,7640.947754,111245.187500,20.908159,316.670959,10.000000
100000.000000,-56609.363281,-51641.066406,-162.153122,-147.731384,10.000000
100000.000000,-11351.775391,-20700.855469,-33.253677,-59.621761,10.000000
100000.000000,-102126.375000,-89184.484375,-291.710693,-254.617538,10.000000
100000.000000,-2482.751709,25064.792969,-8.009039,70.829277,10.000000
100000.000000,-5860.582520,198652.390625,-17.123604,566.102539,10.000000
100000.000000,-37833.882812,-30150.441406,-108.695442,-86.522903,10.000000
100000.000000,-33237.949219,56840.070312,-95.676071,161.443863,10.000000
100000.000000,-86820.898438,-89875.023438,-248.138641,-256.598999,10.000000
100000.000000,62495.531250,101512.148438,177.193130,289.005798,10.000000
100000.000000,-63226.945312,21032.427734,-181.088272,59.384430,10.000000
100000.000000,-45077.605469,34879.179688,-129.399994,98.837097,10.000000
100000.000000,-80014.523438,-95998.335938,-228.753510,-274.042847,10.000000
100000.000000,51297.835938,296721.750000,148.142014,847.650085,10.000000
100000.000000,-6673.310059,106115.781250,-19.903742,302.001068,10.000000
100000.000000,-37179.792969,42868.796875,-106.900650,121.606804,10.000000
100000.000000,-1572.042969,33955.914062,-5.413327,96.178474,10.000000
100000.000000,-122930.054688,-75398.679688,-350.937561,-215.334915,10.000000
100000.000000,-41449.433594,-650.921265,-119.024094,-2.451214,10.000000
100000.000000,177.206879,111468.835938,-0.356316,317.289368,10.000000
100000.000000,32371.125000,74403.617188,91.337326,211.570007,10.000000
100000.000000,47328.855469,136783.625000,134.098312,389.721954,10.000000
100000.000000,-24277.408203,127727.007812,-70.065010,363.609100,10.000000
100000.000000,-29576.375000,123617.898438,-85.197105,351.875031,10.000000
100000.000000,-29933.312500,103677.476562,-86.245964,295.003784,10.000000
100000.000000,-138380.421875,-129808.906250,-394.864807,-370.264984,10.000000
100000.000000,-28641.707031,103263.156250,-82.557640,293.823761,10.000000
100000.000000,21754.974609,59229.816406,61.075180,168.263474,10.000000
100000.000000,-114181.968750,-70072.578125,-326.045227,-200.173096,10.000000
100000.000000,-16106.074219,54141.832031,-46.834637,153.739304,10.000000
100000.000000,43455.468750,55790.656250,122.914558,158.461441,10.000000
100000.000000,-23506.763672,152540.906250,-67.770760,434.388092,10.000000
100000.000000,-13111.658203,136273.562500,-38.176243,388.018463,10.000000
100000.000000,-49811.816406,-14814.917969,-142.832169,-42.813194,10.000000
100000.000000,-4956.743652,95649.320312,-15.020463,272.133850,10.000000
100000.000000,26021.691406,26776.949219,73.233376,75.696884,10.000000
100000.000000,-10364.026367,185055.421875,-30.067945,527.235291,10.000000
100000.000000,-30360.058594,64454.589844,-87.470749,183.142624,10.000000
100000.000000,9079.400391,17927.603516,24.951521,50.467106,10.000000
100000.000000,-57361.457031,-69750.906250,-164.275208,-199.317062,10.000000
100000.000000,-24609.427734,103035.406250,-71.051910,293.170929,10.000000
100000.000000,5345.755371,116272.828125,14.396869,330.998016,10.000000
100000.000000,-30388.195312,96841.804688,-87.543739,275.498901,10.000000
100000.000000,-74913.570312,-8547.615234,-214.332184,-24.922962,10.000000
100000.000000,-1476.938599,135621.687500,-4.991417,386.193237,10.000000
100000.000000,-121983.242188,-111640.460938,-348.213287,-318.547424,10.000000
100000.000000,42306.687500,122003.992188,119.751099,347.470093,10.000000
100000.000000,-112875.984375,-29793.751953,-322.366241,-85.425499,10.000000
100000.000000,20203.062500,302592.718750,59.323925,863.208618,10.000000
100000.000000,-48525.554688,-68910.539062,-139.110519,-196.933044,10.000000
100000.000000,-24005.611328,180580.343750,-69.020264,514.355774,10.000000
100000.000000,15675.708984,103024.812500,43.814770,293.208130,10.000000
100000.000000,-2802.320557,70921.359375,-8.902429,201.586655,10.000000
100000.000000,-83328.421875,15335.424805,-238.326050,43.161938,10.000000
100000.000000,24017.382812,177378.359375,67.931671,505.564056,10.000000
100000.000000,13762.173828,318443.968750,41.350319,908.095215,10.000000
100000.000000,38806.722656,201878.453125,110.302849,575.735962,10.000000
100000.000000,-13566.708008,-15154.238281,-39.564697,-43.824093,10.000000
100000.000000,-166953.406250,-166967.968750,-476.159363,-476.033447,10.000000
100000.000000,-12662.905273,152963.531250,-36.812328,435.618103,10.000000
100000.000000,-55650.000000,-39097.691406,-159.435730,-112.003769,10.000000
100000.000000,-63227.183594,15503.387695,-181.087387,43.606503,10.000000
100000.000000,-34758.003906,88095.562500,-100.007530,250.539764,10.000000
100000.000000,-11117.472656,26784.451172,-32.606918,75.717285,10.000000
100000.000000,-26812.955078,185763.093750,-76.985832,529.103821,10.000000
100000.000000,52745.101562,180511.343750,149.804489,514.739319,10.000000
100000.000000,-28549.314453,50851.593750,-82.302444,144.337540,10.000000
100000.000000,-4313.646484,-12817.267578,-13.195442,-37.171341,10.000000
100000.000000,-81645.203125,-56966.023438,-233.442688,-162.877579,10.000000
100000.000000,-15652.170898,37187.871094,-45.534069,105.377289,10.000000
100000.000000,-48135.777344,100920.117188,-138.188889,287.098969,10.000000
100000.000000,-63348.214844,70064.078125,-181.552032,199.162354,10.000000
100000.000000,-44467.343750,27726.167969,-127.654343,78.419937,10.000000
100000.000000,-91611.476562,-121546.921875,-261.751495,-346.781311,10.000000
100000.000000,-79227.640625,25650.123047,-226.672073,72.555779,10.000000
100000.000000,-1886.530640,148955.765625,-6.081879,424.226105,10.000000
100000.000000,5653.522461,33259.062500,15.195351,94.171814,10.000000
100000.000000,16788.593750,110193.445312,47.016396,313.656769,10.000000
100000.000000,-56649.570312,75763.921875,-162.455292,215.389801,10.000000
100000.000000,-127936.953125,-106361.171875,-365.165497,-303.510559,10.000000
100000.000000,-31295.056641,90479.312500,-90.119324,257.329651,10.000000
100000.000000,12333.455078,124106.679688,34.362450,353.354584,10.000000
100000.000000,-68249.445312,-75541.242188,-195.277634,-215.800232,10.000000
100000.000000,-31805.167969,-37318.550781,-91.508957,-106.960159,10.000000
100000.000000,-35686.542969,50534.070312,-102.640030,143.433197,10.000000
100000.000000,-59323.886719,71440.242188,-170.068771,203.066208,10.000000
100000.000000,-52089.261719,25990.480469,-149.367691,73.479309,10.000000
100000.000000,-12052.917969,178964.796875,-34.891033,509.804901,10.000000
100000.000000,-143048.281250,-117918.250000,-408.163513,-336.406006,10.000000
100000.000000,-89948.742188,-1999.249023,-257.149872,-6.246873,10.000000
100000.000000,-141186.843750,-78624.109375,-402.893768,-224.508301,10.000000
100000.000000,-112881.734375,-26983.089844,-322.389557,-77.419228,10.000000
100000.000000,-52587.371094,86996.367188,-150.862854,247.397614,10.000000
100000.000000,-34810.757812,84631.210938,-100.137672,240.648773,10.000000
100000.000000,-13356.221680,128369.187500,-38.857563,365.429718,10.000000
100000.000000,-30518.314453,167297.031250,-87.648735,476.393829,10.000000
