Mass,x_pos,y_pos,x_vel,y_vel,radius
704 
100000.000000,203049.687500,222735.234375,576.028137,636.128784,10.000000
100000.000000,267489.906250,278280.156250,756.864990,793.897156,10.000000
100000.000000,-378841.687500,32236.472656,-1083.848389,86.366516,10.000000
100000.000000,151398.875000,400236.687500,464.352356,1200.636230,10.000000
100000.000000,108083.695312,328769.718750,302.310944,924.895081,10.000000
100000.000000,168994.515625,372925.687500,542.314758,953.717529,10.000000
100000.000000,176637.531250,194275.421875,501.556152,554.651123,10.000000
100000.000000,74161.968750,29383.408203,208.519409,77.572731,10.000000
100000.000000,462388.437500,346338.468750,1311.071289,983.525024,10.000000
100000.000000,183726.218750,204661.546875,521.527954,584.382080,10.000000
100000.000000,-220665.453125,719751.750000,-632.497437,2047.513794,10.000000
100000.000000,-231230.937500,177505.796875,-670.502686,496.532867,10.000000
100000.000000,177336.859375,300933.937500,502.173126,863.306213,10.000000
100000.000000,85432.125000,322402.937500,238.722260,911.081055,10.000000
100000.000000,121141.968750,145830.375000,344.380676,416.154236,10.000000
100000.000000,-121887.500000,238039.687500,-355.370544,670.644958,10.000000
100000.000000,126725.640625,148446.140625,360.213867,423.608643,10.000000
100000.000000,204612.625000,333655.156250,575.264648,957.581543,10.000000
100000.000000,681579.250000,587365.000000,1934.903809,1667.601562,10.000000
100000.000000,202337.312500,316408.718750,586.749756,876.922119,10.000000
100000.000000,1958427.875000,2043958.625000,5562.693848,5805.766602,10.000000
100000.000000,2225525.250000,1879943.500000,6321.525391,5339.733398,10.000000
100000.000000,2239108.250000,1928645.625000,6360.082031,5478.114746,10.000000
100000.000000,834877.312500,739112.187500,2370.544189,2098.638184,10.000000
100000.000000,150613.984375,339322.312500,428.131805,940.494751,10.000000
100000.000000,-130785.765625,633087.937500,-402.624603,1821.056152,10.000000
100000.000000,174791.937500,257826.218750,495.737457,737.374390,10.000000
100000.000000,377404.031250,448716.093750,1068.095459,1273.209351,10.000000
100000.000000,202435.156250,329038.531250,569.631836,944.165649,10.000000
100000.000000,151253.062500,408537.718750,372.345093,1197.216431,10.000000
100000.000000,196285.171875,283828.375000,555.496582,812.379700,10.000000
100000.000000,290786.875000,-143963.187500,827.376587,-420.837494,10.000000
100000.000000,43383.722656,328075.531250,121.804298,930.280090,10.000000
100000.000000,-89499.601562,191314.921875,-282.519104,519.238281,10.000000
100000.000000,164613.390625,180100.843750,467.353119,513.884521,10.000000
100000.000000,-84945.945312,343685.781250,-269.026093,968.592651,10.000000
100000.000000,-43471.140625,433716.218750,-145.388000,1233.732544,10.000000
100000.000000,168447.687500,263832.875000,477.822052,754.786133,10.000000
100000.000000,86120.765625,310926.812500,237.888672,873.831909,10.000000
100000.000000,196092.140625,305369.718750,553.940247,875.202881,10.000000
100000.000000,-10334.264648,882572.750000,-42.759266,2539.903076,10.000000
100000.000000,40638.734375,833281.687500,112.088982,2372.646240,10.000000
100000.000000,153835.203125,210355.703125,436.763306,600.588501,10.000000
100000.000000,178959.406250,366436.750000,496.559967,1061.927856,10.000000
100000.000000,164428.468750,294495.125000,466.288177,844.323608,10.000000
100000.000000,103958.578125,145336.046875,295.412109,414.576782,10.000000
100000.000000,132077.968750,183273.968750,375.164795,522.966492,10.000000
100000.000000,103515.562500,160417.968750,294.138672,457.625183,10.000000
100000.000000,95377.585938,130422.187500,271.070709,372.042847,10.000000
100000.000000,150183.593750,170524.203125,426.464264,486.468445,10.000000
100000.000000,104139.554688,133889.718750,295.945740,381.905396,10.000000
100000.000000,2486590.250000,2129676.250000,7062.888672,6049.032227,10.000000
100000.000000,179568.296875,152821.703125,509.703491,435.733917,10.000000
100000.000000,147674.765625,124943.789062,419.437134,356.206390,10.000000
100000.000000,170920.062500,285951.906250,484.447754,819.093323,10.000000
100000.000000,112029.476562,395002.093750,344.226074,1125.573975,10.000000
100000.000000,178704.875000,330350.000000,503.999725,950.561035,10.000000
100000.000000,131357.343750,222027.640625,373.178009,633.984558,10.000000
100000.000000,147520.234375,183990.703125,418.858124,524.953735,10.000000
100000.000000,126727.078125,192135.781250,359.966492,548.259338,10.000000
100000.000000,112811.796875,142031.390625,320.501740,405.070068,10.000000
100000.000000,147153.890625,149647.546875,417.872345,426.745422,10.000000
100000.000000,134431.031250,221000.765625,381.858673,631.036804,10.000000
100000.000000,101341.492188,158167.187500,287.920380,451.133148,10.000000
100000.000000,110360.664062,111947.031250,313.637665,319.227814,10.000000
100000.000000,147555.078125,123634.796875,419.078003,352.449860,10.000000
100000.000000,-154550.046875,113342.445312,-442.559540,318.793640,10.000000
100000.000000,-2729.445068,542190.250000,-9.257730,1538.447510,10.000000
100000.000000,127059.148438,230323.734375,361.060669,657.765808,10.000000
100000.000000,107633.445312,190504.531250,305.824066,543.511047,10.000000
100000.000000,191732.953125,169407.234375,544.018127,483.056427,10.000000
100000.000000,160321.015625,175048.093750,455.086365,499.309845,10.000000
100000.000000,95185.820312,153114.390625,270.426758,436.693115,10.000000
100000.000000,108189.171875,161013.484375,307.342438,459.236267,10.000000
100000.000000,97026.843750,344990.375000,281.478729,984.725525,10.000000
100000.000000,109335.304688,130477.890625,310.636993,372.079193,10.000000
100000.000000,182567.656250,232134.734375,517.706299,662.948669,10.000000
100000.000000,116924.929688,116846.460938,332.218018,333.156860,10.000000
100000.000000,96368.156250,123438.281250,273.837280,352.037933,10.000000
100000.000000,179116.515625,273125.000000,507.522461,781.469604,10.000000
100000.000000,97496.484375,119875.062500,277.053070,341.869202,10.000000
100000.000000,114317.562500,181474.156250,324.738678,517.682068,10.000000
100000.000000,152941.171875,210504.718750,434.133942,600.881592,10.000000
100000.000000,168016.765625,238483.718750,476.633545,681.311829,10.000000
100000.000000,136278.468750,164764.109375,386.983124,469.916443,10.000000
100000.000000,-139687.843750,-26149.667969,-406.761261,-87.571655,10.000000
100000.000000,134797.000000,169183.484375,382.774414,482.544586,10.000000
100000.000000,135060.328125,208114.421875,383.552734,593.988647,10.000000
100000.000000,151414.437500,406222.750000,189.426727,1353.433105,10.000000
100000.000000,97866.726562,130142.578125,278.053314,371.129608,10.000000
100000.000000,156420.078125,129895.921875,444.117798,370.257050,10.000000
100000.000000,82719.187500,108736.718750,235.102539,310.166840,10.000000
100000.000000,110466.468750,193543.328125,313.840088,552.157104,10.000000
100000.000000,141542.750000,188378.468750,401.865326,537.437988,10.000000
100000.000000,160612.390625,270419.562500,455.686859,773.730042,10.000000
100000.000000,85628.484375,109316.484375,243.363754,311.796997,10.000000
100000.000000,110679.695312,179827.656250,314.398376,512.932617,10.000000
100000.000000,103522.203125,154060.328125,294.064728,439.338257,10.000000
100000.000000,-9892677.000000,461998.031250,-28105.726562,1311.012085,10.000000
100000.000000,-1104896.250000,-351149.812500,-3140.466309,-999.138062,10.000000
100000.000000,289485.875000,2339959.750000,821.112549,6646.277832,10.000000
100000.000000,23252170.000000,40925168.000000,66056.062500,116262.015625,10.000000
100000.000000,7661.855957,111561.859375,20.908480,316.671631,10.000000
100000.000000,-56771.519531,-51788.800781,-162.153000,-147.731110,10.000000
100000.000000,-11385.029297,-20760.476562,-33.253540,-59.621410,10.000000
100000.000000,-102418.078125,-89439.109375,-291.710571,-254.617325,10.000000
100000.000000,-2490.760498,25135.621094,-8.008865,70.829704,10.000000
100000.000000,-5877.705566,199218.484375,-17.122900,566.103516,10.000000
100000.000000,-37942.578125,-30236.964844,-108.695305,-86.522583,10.000000
100000.000000,-33333.628906,57001.515625,-95.675842,161.444321,10.000000
100000.000000,-87069.039062,-90131.617188,-248.138519,-256.598755,10.000000
100000.000000,62672.726562,101801.148438,177.193344,289.006531,10.000000
100000.000000,-63408.031250,21091.812500,-181.088089,59.384781,10.000000
100000.000000,-45207.003906,34978.015625,-129.399780,98.837494,10.000000
100000.000000,-80243.273438,-96272.382812,-228.753387,-274.042603,10.000000
100000.000000,51445.976562,297569.375000,148.144455,847.652771,10.000000
100000.000000,-6693.213379,106417.781250,-19.903421,302.001678,10.000000
100000.000000,-37286.691406,42990.406250,-106.900436,121.607216,10.000000
100000.000000,-1577.456177,34052.093750,-5.413143,96.178917,10.000000
100000.000000,-123280.992188,-75614.007812,-350.937439,-215.334702,10.000000
100000.000000,-41568.457031,-653.372192,-119.023926,-2.450864,10.000000
100000.000000,176.850815,111786.132812,-0.355988,317.289978,10.000000
100000.000000,32462.460938,74615.187500,91.337540,211.570602,10.000000
100000.000000,47462.957031,137173.343750,134.098648,389.722809,10.000000
100000.000000,-24347.474609,128090.617188,-70.064629,363.609711,10.000000
100000.000000,-29661.570312,123969.773438,-85.196724,351.875641,10.000000
100000.000000,-30019.558594,103972.476562,-86.245644,295.004333,10.000000
100000.000000,-138775.296875,-130179.171875,-394.864685,-370.264801,10.000000
100000.000000,-28724.265625,103556.984375,-82.557320,293.824310,10.000000
100000.000000,21816.048828,59398.082031,61.075378,168.264023,10.000000
100000.000000,-114508.015625,-70272.750000,-326.045105,-200.172852,10.000000
100000.000000,-16152.908203,54295.574219,-46.834415,153.739761,10.000000
100000.000000,43578.382812,55949.117188,122.914726,158.461990,10.000000
100000.000000,-23574.533203,152975.281250,-67.770287,434.388763,10.000000
100000.000000,-13149.833984,136661.593750,-38.175831,388.019135,10.000000
100000.000000,-49954.648438,-14857.730469,-142.832016,-42.812866,10.000000
100000.000000,-4971.764160,95921.460938,-15.020170,272.134430,10.000000
100000.000000,26094.925781,26852.646484,73.233528,75.697357,10.000000
100000.000000,-10394.093750,185582.671875,-30.067324,527.236145,10.000000
100000.000000,-30447.527344,64637.730469,-87.470505,183.143082,10.000000
100000.000000,9104.351562,17978.072266,24.951679,50.467537,10.000000
100000.000000,-57525.730469,-69950.218750,-164.275085,-199.316788,10.000000
100000.000000,-24680.478516,103328.578125,-71.051590,293.171478,10.000000
100000.000000,5360.152832,116603.828125,14.397205,330.998688,10.000000
100000.000000,-30475.738281,97117.304688,-87.543434,275.499451,10.000000
100000.000000,-75127.898438,-8572.537109,-214.332001,-24.922653,10.000000
100000.000000,-1481.929688,136007.875000,-4.991015,386.193970,10.000000
100000.000000,-122331.460938,-111959.007812,-348.213165,-318.547241,10.000000
100000.000000,42426.437500,122351.460938,119.751404,347.470886,10.000000
100000.000000,-113198.343750,-29879.177734,-322.366058,-85.425240,10.000000
100000.000000,20262.386719,303455.906250,59.326157,863.210327,10.000000
100000.000000,-48664.664062,-69107.476562,-139.110397,-196.932770,10.000000
100000.000000,-24074.630859,181094.687500,-69.019669,514.356506,10.000000
100000.000000,15719.523438,103318.015625,43.815060,293.208801,10.000000
100000.000000,-2811.222900,71122.953125,-8.902187,201.587173,10.000000
100000.000000,-83566.750000,15378.586914,-238.325867,43.162258,10.000000
100000.000000,24085.316406,177883.921875,67.932236,505.565033,10.000000
100000.000000,13803.526367,319352.093750,41.352829,908.096802,10.000000
100000.000000,38917.027344,202454.203125,110.303551,575.737183,10.000000
100000.000000,-13606.272461,-15198.062500,-39.564560,-43.823734,10.000000
100000.000000,-167429.562500,-167444.000000,-476.159302,-476.033264,10.000000
100000.000000,-12699.717773,153399.156250,-36.811855,435.618835,10.000000
100000.000000,-55809.437500,-39209.691406,-159.435593,-112.003479,10.000000
100000.000000,-63408.269531,15546.995117,-181.087204,43.606846,10.000000
100000.000000,-34858.011719,88346.109375,-100.007240,250.540253,10.000000
100000.000000,-11150.080078,26860.169922,-32.606735,75.717712,10.000000
100000.000000,-26889.939453,186292.187500,-76.985214,529.104553,10.000000
100000.000000,52894.906250,181026.093750,149.805008,514.740540,10.000000
100000.000000,-28631.615234,50995.929688,-82.302216,144.337967,10.000000
100000.000000,-4326.841797,-12854.439453,-13.195305,-37.170975,10.000000
100000.000000,-81878.640625,-57128.898438,-233.442566,-162.877304,10.000000
100000.000000,-15697.704102,37293.246094,-45.533871,105.377731,10.000000
100000.000000,-48273.964844,101207.210938,-138.188553,287.099457,10.000000
100000.000000,-63529.769531,70263.234375,-181.551758,199.162781,10.000000
100000.000000,-44595.000000,27804.589844,-127.654144,78.420319,10.000000
100000.000000,-91873.226562,-121893.703125,-261.751373,-346.781128,10.000000
100000.000000,-79454.312500,25722.677734,-226.671860,72.556114,10.000000
100000.000000,-1892.612183,149379.984375,-6.081429,424.226837,10.000000
100000.000000,5668.717773,33353.234375,15.195529,94.172272,10.000000
100000.000000,16835.609375,110507.101562,47.016701,313.657440,10.000000
100000.000000,-56812.023438,75979.312500,-162.455017,215.390228,10.000000
100000.000000,-128302.125000,-106664.687500,-365.165375,-303.510376,10.000000
100000.000000,-31385.175781,90736.640625,-90.119034,257.330139,10.000000
100000.000000,12367.818359,124460.039062,34.362801,353.355316,10.000000
100000.000000,-68444.726562,-75757.039062,-195.277512,-215.799988,10.000000
100000.000000,-31896.675781,-37425.511719,-91.508820,-106.959839,10.000000
100000.000000,-35789.183594,50677.503906,-102.639801,143.433624,10.000000
100000.000000,-59493.957031,71643.304688,-170.068497,203.066635,10.000000
100000.000000,-52238.628906,26063.960938,-149.367477,73.479675,10.000000
100000.000000,-12087.808594,179474.609375,-34.890446,509.805695,10.000000
100000.000000,-143456.437500,-118254.656250,-408.163391,-336.405823,10.000000
100000.000000,-90205.898438,-2005.495728,-257.149689,-6.246573,10.000000
100000.000000,-141589.750000,-78848.625000,-402.893646,-224.508087,10.000000
100000.000000,-113204.125000,-27060.507812,-322.389374,-77.418968,10.000000
100000.000000,-52738.230469,87243.757812,-150.862549,247.398071,10.000000
100000.000000,-34910.898438,84871.867188,-100.137383,240.649261,10.000000
100000.000000,-13395.079102,128734.625000,-38.857178,365.430389,10.000000
100000.000000,-30605.962891,167773.437500,-87.648201,476.394501,10.000000
