Mass,x_pos,y_pos,x_vel,y_vel,radius
763 
100000.000000,220042.375000,241501.921875,576.012085,636.185730,10.000000
100000.000000,289816.625000,301701.031250,756.816467,793.950195,10.000000
100000.000000,-410815.343750,34784.304688,-1083.841187,86.369423,10.000000
100000.000000,164774.234375,437586.187500,415.552612,1378.489380,10.000000
100000.000000,117003.937500,356057.812500,302.445709,925.134399,10.000000
100000.000000,184981.906250,401080.156250,541.624207,954.969849,10.000000
100000.000000,191433.625000,210638.328125,501.550751,554.697876,10.000000
100000.000000,80313.179688,31672.021484,208.522110,77.586876,10.000000
100000.000000,501064.781250,375351.718750,1311.049683,983.528625,10.000000
100000.000000,199111.390625,221901.609375,521.520752,584.432800,10.000000
100000.000000,-239324.203125,780153.000000,-632.490234,2047.506592,10.000000
100000.000000,-251010.687500,192153.468750,-670.493225,496.538269,10.000000
100000.000000,192150.203125,326404.218750,502.128418,863.484680,10.000000
100000.000000,92476.250000,349282.125000,238.840042,911.229553,10.000000
100000.000000,131301.203125,158107.406250,344.384277,416.185120,10.000000
100000.000000,-132370.625000,257824.046875,-355.352936,670.655762,10.000000
100000.000000,137352.093750,160943.062500,360.217468,423.640442,10.000000
100000.000000,221580.484375,361907.125000,575.105042,957.795471,10.000000
100000.000000,738658.062500,636559.937500,1934.896606,1667.601562,10.000000
100000.000000,219644.906250,342280.562500,586.649658,877.096130,10.000000
100000.000000,2122527.750000,2215233.250000,5562.693848,5805.766602,10.000000
100000.000000,2412009.500000,2037466.125000,6321.525391,5339.733398,10.000000
100000.000000,2426728.250000,2090246.625000,6360.082031,5478.114746,10.000000
100000.000000,904807.062500,801021.625000,2370.544189,2098.638184,10.000000
100000.000000,163243.671875,367074.343750,428.136353,940.977356,10.000000
100000.000000,-142663.203125,686807.437500,-402.612030,1821.048096,10.000000
100000.000000,189415.812500,279580.093750,495.722382,737.468445,10.000000
100000.000000,408911.937500,486275.125000,1068.056152,1273.202148,10.000000
100000.000000,219237.140625,356894.656250,569.491333,944.375183,10.000000
100000.000000,163032.718750,440181.562500,505.030945,880.027771,10.000000
100000.000000,212671.718750,307795.406250,555.452576,812.498474,10.000000
100000.000000,315194.437500,-156378.078125,827.376587,-420.831024,10.000000
100000.000000,46978.457031,355519.968750,121.902336,930.350342,10.000000
100000.000000,-97833.679688,206632.796875,-282.503845,519.252441,10.000000
100000.000000,178400.031250,195261.062500,467.351318,513.926086,10.000000
100000.000000,-92881.703125,372260.031250,-268.991638,968.601562,10.000000
100000.000000,-47759.250000,470111.843750,-145.333817,1233.725342,10.000000
100000.000000,182543.156250,286100.718750,477.809357,754.890015,10.000000
100000.000000,93139.890625,336706.875000,237.980057,873.964417,10.000000
100000.000000,212432.281250,331190.718750,553.867737,875.364624,10.000000
100000.000000,-11595.622070,957499.062500,-42.756584,2539.888672,10.000000
100000.000000,43945.429688,903274.125000,112.091705,2372.631836,10.000000
100000.000000,166719.328125,228073.906250,436.763306,600.644409,10.000000
100000.000000,193599.562500,397775.437500,496.013916,1062.695435,10.000000
100000.000000,178183.765625,319405.312500,466.268005,844.493103,10.000000
100000.000000,112673.359375,157566.531250,295.417511,414.606750,10.000000
100000.000000,143145.078125,198702.109375,375.168396,523.009033,10.000000
100000.000000,112192.710938,173918.421875,294.145355,457.658691,10.000000
100000.000000,103374.390625,141397.937500,271.076111,372.069397,10.000000
100000.000000,162764.421875,184875.593750,426.464264,486.506989,10.000000
100000.000000,112870.171875,145156.343750,295.950928,381.932922,10.000000
100000.000000,2694948.750000,2308121.750000,7062.888672,6049.032227,10.000000
100000.000000,194604.156250,165676.359375,509.699890,435.766602,10.000000
100000.000000,160048.171875,135452.171875,419.437134,356.233398,10.000000
100000.000000,185210.968750,310117.437500,484.424225,819.236572,10.000000
100000.000000,122203.507812,428211.687500,345.492401,1125.912964,10.000000
100000.000000,193571.109375,358396.406250,503.885193,950.874695,10.000000
100000.000000,142366.375000,240731.125000,373.185059,634.046631,10.000000
100000.000000,159876.125000,199477.578125,418.858124,524.997070,10.000000
100000.000000,137346.156250,208310.156250,359.971893,548.305115,10.000000
100000.000000,122266.546875,153981.421875,320.505798,405.099762,10.000000
100000.000000,159481.203125,162237.046875,417.872345,426.777893,10.000000
100000.000000,145696.234375,239617.296875,381.864075,631.098389,10.000000
100000.000000,109835.187500,171476.109375,287.927216,451.165894,10.000000
100000.000000,119613.062500,121364.640625,313.641266,319.251770,10.000000
100000.000000,159917.421875,134032.453125,419.078003,352.476654,10.000000
100000.000000,-167605.640625,122746.953125,-442.550781,318.801880,10.000000
100000.000000,-3001.970459,587573.312500,-9.220235,1538.413940,10.000000
100000.000000,137710.500000,249728.875000,361.069885,657.833191,10.000000
100000.000000,116655.375000,206538.812500,305.833069,543.554382,10.000000
100000.000000,207781.265625,183657.984375,544.010925,483.092987,10.000000
100000.000000,173746.281250,189778.343750,455.084564,499.349884,10.000000
100000.000000,103163.539062,165997.312500,270.433960,436.724152,10.000000
100000.000000,117255.812500,174561.500000,307.348175,459.270233,10.000000
100000.000000,105333.781250,374043.468750,281.694122,984.965698,10.000000
100000.000000,118499.203125,141454.625000,310.640594,372.106323,10.000000
100000.000000,197839.640625,251692.734375,517.694519,663.016174,10.000000
100000.000000,126725.382812,126674.960938,332.221619,333.181854,10.000000
100000.000000,104446.546875,133823.812500,273.842682,352.063171,10.000000
100000.000000,194088.015625,296180.156250,507.498566,781.583435,10.000000
100000.000000,105669.695312,129960.593750,277.057953,341.893951,10.000000
100000.000000,123897.468750,196746.406250,324.745697,517.722900,10.000000
100000.000000,165747.859375,228231.609375,434.133942,600.937622,10.000000
100000.000000,182077.203125,258583.531250,476.626312,681.386902,10.000000
100000.000000,147694.343750,178627.140625,386.984924,469.952942,10.000000
100000.000000,-151686.968750,-28732.931641,-406.757080,-87.565155,10.000000
100000.000000,146089.046875,183419.156250,382.776855,482.582428,10.000000
100000.000000,146375.421875,225637.906250,383.557098,594.042664,10.000000
100000.000000,164567.843750,439645.937500,567.084290,1501.750854,10.000000
100000.000000,106069.453125,141091.328125,278.058716,371.156219,10.000000
100000.000000,169521.765625,140819.000000,444.117798,370.285065,10.000000
100000.000000,89654.914062,117887.000000,235.107712,310.189178,10.000000
100000.000000,119724.859375,209832.578125,313.848907,552.201965,10.000000
100000.000000,153398.062500,204233.500000,401.867126,537.483032,10.000000
100000.000000,174055.171875,293246.343750,455.678986,773.845886,10.000000
100000.000000,92807.750000,118514.804688,243.368759,311.819580,10.000000
100000.000000,119954.679688,194959.781250,314.405579,512.972412,10.000000
100000.000000,112197.078125,167021.312500,294.070587,439.370148,10.000000
100000.000000,-10721804.000000,500672.531250,-28105.726562,1311.012085,10.000000
100000.000000,-1197541.000000,-380624.000000,-3140.466309,-999.138062,10.000000
100000.000000,313709.062500,2536031.500000,821.112549,6646.277832,10.000000
100000.000000,25200822.000000,44354956.000000,66056.062500,116262.015625,10.000000
100000.000000,8278.789062,120903.945312,20.917183,316.689392,10.000000
100000.000000,-61554.937500,-56146.750000,-162.149399,-147.723465,10.000000
100000.000000,-12365.952148,-22519.166016,-33.249916,-59.611885,10.000000
100000.000000,-111023.320312,-96950.093750,-291.706970,-254.611237,10.000000
100000.000000,-2726.949463,27225.277344,-8.004139,70.841400,10.000000
100000.000000,-6382.538574,215918.968750,-17.103792,566.128601,10.000000
100000.000000,-41149.089844,-32789.250000,-108.691544,-86.513947,10.000000
100000.000000,-36155.949219,61764.296875,-95.669472,161.456360,10.000000
100000.000000,-94389.187500,-97701.132812,-248.135574,-256.592438,10.000000
100000.000000,67900.093750,110327.171875,177.199265,289.026947,10.000000
100000.000000,-68749.929688,22843.816406,-181.082718,59.394341,10.000000
100000.000000,-49024.238281,37893.871094,-129.394135,98.848152,10.000000
100000.000000,-86991.398438,-104356.531250,-228.750671,-274.036285,10.000000
100000.000000,55817.265625,322576.281250,148.210953,847.724792,10.000000
100000.000000,-7280.230957,115327.085938,-19.894762,302.018188,10.000000
100000.000000,-40440.195312,46577.996094,-106.894577,121.618492,10.000000
100000.000000,-1737.066772,36889.542969,-5.408136,96.191086,10.000000
100000.000000,-133633.640625,-81966.187500,-350.933838,-215.328705,10.000000
100000.000000,-45079.640625,-725.526611,-119.019424,-2.441377,10.000000
100000.000000,166.486069,121146.468750,-0.347094,317.307190,10.000000
100000.000000,35157.023438,80856.773438,91.343338,211.586761,10.000000
100000.000000,51419.019531,148670.546875,134.107956,389.746674,10.000000
100000.000000,-26414.212891,138817.421875,-70.054100,363.626495,10.000000
100000.000000,-32174.714844,134350.265625,-85.186493,351.891479,10.000000
100000.000000,-32563.671875,112675.343750,-86.236816,295.019165,10.000000
100000.000000,-150424.109375,-141101.578125,-394.861908,-370.259399,10.000000
100000.000000,-31159.572266,112225.023438,-82.548538,293.839203,10.000000
100000.000000,23617.855469,64362.089844,61.080826,168.278534,10.000000
100000.000000,-124126.398438,-76177.820312,-326.041504,-200.166626,10.000000
100000.000000,-17534.427734,58831.089844,-46.828381,153.752411,10.000000
100000.000000,47204.425781,60623.980469,122.919418,158.477173,10.000000
100000.000000,-25573.558594,165790.187500,-67.757492,434.407379,10.000000
100000.000000,-14275.849609,148108.515625,-38.164688,388.037445,10.000000
100000.000000,-54168.078125,-16120.574219,-142.827744,-42.804054,10.000000
100000.000000,-5414.736816,103949.664062,-15.012220,272.150055,10.000000
100000.000000,28255.380859,29085.917969,73.237740,75.710007,10.000000
100000.000000,-11280.819336,201136.546875,-30.050468,527.259094,10.000000
100000.000000,-33027.789062,70040.671875,-87.463806,183.155640,10.000000
100000.000000,9840.489258,19467.042969,24.955969,50.479229,10.000000
100000.000000,-62371.796875,-75829.937500,-164.271912,-199.309570,10.000000
100000.000000,-26776.365234,111977.375000,-71.042862,293.186554,10.000000
100000.000000,5785.010742,126368.570312,14.406335,331.016785,10.000000
100000.000000,-33058.148438,105244.757812,-87.535034,275.513672,10.000000
100000.000000,-81450.578125,-9307.625000,-214.327499,-24.914289,10.000000
100000.000000,-1628.997070,147400.906250,-4.980119,386.213104,10.000000
100000.000000,-132603.796875,-121356.140625,-348.209686,-318.541840,10.000000
100000.000000,45959.230469,132602.203125,119.759666,347.492401,10.000000
100000.000000,-122707.945312,-32399.115234,-322.362213,-85.418236,10.000000
100000.000000,22013.443359,328921.500000,59.386719,863.257568,10.000000
100000.000000,-52768.390625,-74916.851562,-139.107330,-196.925323,10.000000
100000.000000,-26110.464844,196268.640625,-69.003578,514.377197,10.000000
100000.000000,17012.187500,111967.921875,43.822975,293.226349,10.000000
100000.000000,-3073.736328,77069.968750,-8.895637,201.601425,10.000000
100000.000000,-90597.429688,16652.009766,-238.320557,43.171024,10.000000
100000.000000,26089.548828,192798.515625,67.947433,505.592224,10.000000
100000.000000,15024.484375,346141.781250,41.421005,908.139648,10.000000
100000.000000,42171.273438,219439.000000,110.322601,575.771484,10.000000
100000.000000,-14773.368164,-16490.712891,-39.560760,-43.814056,10.000000
100000.000000,-181476.171875,-181486.921875,-476.157501,-476.029236,10.000000
100000.000000,-13785.469727,166250.093750,-36.799080,435.638458,10.000000
100000.000000,-60512.738281,-42513.671875,-159.431992,-111.995476,10.000000
100000.000000,-68750.164062,16833.539062,-181.082016,43.616238,10.000000
100000.000000,-37808.101562,95737.242188,-99.999290,250.553772,10.000000
100000.000000,-12111.901367,29094.017578,-32.601810,75.729202,10.000000
100000.000000,-29160.746094,201901.171875,-76.968460,529.125244,10.000000
100000.000000,57314.375000,196211.453125,149.819214,514.772827,10.000000
100000.000000,-31059.433594,55254.085938,-82.296127,144.349915,10.000000
100000.000000,-4716.046387,-13950.829102,-13.191593,-37.160988,10.000000
100000.000000,-88765.046875,-61933.679688,-233.438965,-162.870300,10.000000
100000.000000,-17040.873047,40402.082031,-45.528511,105.389549,10.000000
100000.000000,-52350.390625,109676.875000,-138.179810,287.112854,10.000000
100000.000000,-68885.429688,76138.757812,-181.544510,199.174072,10.000000
100000.000000,-48360.699219,30118.152344,-127.648750,78.430733,10.000000
100000.000000,-99594.851562,-132123.750000,-261.748962,-346.775726,10.000000
100000.000000,-86141.132812,27863.224609,-226.666275,72.565300,10.000000
100000.000000,-2071.826416,161895.046875,-6.069211,424.247345,10.000000
100000.000000,6117.060547,36131.500000,15.200372,94.184662,10.000000
100000.000000,18222.728516,119760.273438,47.025070,313.675903,10.000000
100000.000000,-61604.335938,82333.492188,-162.447510,215.402039,10.000000
100000.000000,-139074.359375,-115618.148438,-365.161774,-303.504974,10.000000
100000.000000,-34043.554688,98328.101562,-90.110992,257.343903,10.000000
100000.000000,13381.667969,134884.328125,34.372364,353.374573,10.000000
100000.000000,-74205.523438,-82123.046875,-195.274368,-215.793121,10.000000
100000.000000,-34596.156250,-40580.699219,-91.505318,-106.951294,10.000000
100000.000000,-38816.960938,54908.992188,-102.633644,143.445282,10.000000
100000.000000,-64510.859375,77633.976562,-170.061188,203.078140,10.000000
100000.000000,-56644.906250,28231.763672,-149.362061,73.489769,10.000000
100000.000000,-13116.831055,194514.078125,-34.874481,509.827789,10.000000
100000.000000,-155497.046875,-128178.640625,-408.159973,-336.400421,10.000000
100000.000000,-97791.648438,-2189.644043,-257.144409,-6.238434,10.000000
100000.000000,-153475.328125,-85471.390625,-402.890045,-224.502411,10.000000
100000.000000,-122714.648438,-29344.263672,-322.385376,-77.411896,10.000000
100000.000000,-57188.550781,94542.234375,-150.854568,247.410568,10.000000
100000.000000,-37864.832031,91971.226562,-100.129639,240.662628,10.000000
100000.000000,-14541.207031,139515.031250,-38.846725,365.447876,10.000000
100000.000000,-33191.355469,181827.421875,-87.633812,476.413330,10.000000
