Mass,x_pos,y_pos,x_vel,y_vel,radius
793 
100000.000000,228682.375000,251044.890625,576.004761,636.211487,10.000000
100000.000000,301168.812500,313610.312500,756.794495,793.974121,10.000000
100000.000000,-427072.531250,36079.812500,-1083.838501,86.370796,10.000000
100000.000000,168075.343750,454830.906250,296.636017,960.643860,10.000000
100000.000000,121541.101562,369935.687500,302.506256,925.242065,10.000000
100000.000000,193104.078125,415408.656250,541.347473,955.469116,10.000000
100000.000000,198957.062500,218959.000000,501.548004,554.718994,10.000000
100000.000000,83440.921875,32835.875000,208.523483,77.593254,10.000000
100000.000000,520730.718750,390104.218750,1311.039307,983.530457,10.000000
100000.000000,206934.359375,230668.234375,521.517090,584.455750,10.000000
100000.000000,-248811.703125,810865.500000,-632.486572,2047.502930,10.000000
100000.000000,-261068.187500,199601.437500,-670.489563,496.541016,10.000000
100000.000000,199682.046875,339357.125000,502.108124,863.565552,10.000000
100000.000000,96059.257812,362951.125000,238.893066,911.296448,10.000000
100000.000000,136466.828125,164350.218750,344.386108,416.199127,10.000000
100000.000000,-137700.781250,267884.156250,-355.344879,670.661255,10.000000
100000.000000,142755.375000,167297.906250,360.218781,423.654755,10.000000
100000.000000,230206.468750,376274.812500,575.032654,957.892578,10.000000
100000.000000,767681.187500,661574.312500,1934.892944,1667.601562,10.000000
100000.000000,228444.296875,355437.687500,586.604919,877.173889,10.000000
100000.000000,2205965.250000,2302323.250000,5562.693848,5805.766602,10.000000
100000.000000,2506832.000000,2117561.500000,6321.525391,5339.733398,10.000000
100000.000000,2522128.250000,2172416.750000,6360.082031,5478.114746,10.000000
100000.000000,940364.562500,832501.000000,2370.544189,2098.638184,10.000000
100000.000000,169665.546875,381190.718750,428.138184,941.192139,10.000000
100000.000000,-148702.328125,714122.437500,-402.606537,1821.044434,10.000000
100000.000000,196851.593750,290642.593750,495.715637,737.510986,10.000000
100000.000000,424932.875000,505372.937500,1068.037842,1273.198486,10.000000
100000.000000,227779.015625,371060.968750,569.427490,944.470215,10.000000
100000.000000,173320.375000,459151.593750,590.630981,1347.958740,10.000000
100000.000000,221003.281250,319983.281250,555.432495,812.552124,10.000000
100000.000000,327605.062500,-162690.734375,827.376587,-420.828278,10.000000
100000.000000,48807.339844,369475.593750,121.946571,930.382141,10.000000
100000.000000,-102071.179688,214421.546875,-282.497009,519.257935,10.000000
100000.000000,185410.187500,202970.125000,467.350403,513.944824,10.000000
100000.000000,-96916.460938,386789.406250,-268.976196,968.605225,10.000000
100000.000000,-49939.070312,488618.093750,-145.309464,1233.721680,10.000000
100000.000000,189710.343750,297424.468750,477.803864,754.936951,10.000000
100000.000000,96709.914062,349816.812500,238.021149,874.024048,10.000000
100000.000000,220740.046875,344321.781250,553.834900,875.437866,10.000000
100000.000000,-12236.959961,995597.187500,-42.755375,2539.887451,10.000000
100000.000000,45626.835938,938863.500000,112.092896,2372.624512,10.000000
100000.000000,173270.578125,237083.750000,436.763306,600.669617,10.000000
100000.000000,201037.796875,413718.625000,495.761902,1063.048584,10.000000
100000.000000,185177.625000,332073.312500,466.258850,844.569763,10.000000
100000.000000,117104.687500,163785.828125,295.420258,414.620239,10.000000
100000.000000,148772.421875,206547.437500,375.170227,523.028259,10.000000
100000.000000,116604.820312,180783.328125,294.148102,457.673798,10.000000
100000.000000,107440.562500,146979.015625,271.078857,372.081360,10.000000
100000.000000,169161.453125,192173.343750,426.464264,486.524384,10.000000
100000.000000,117309.468750,150885.406250,295.952759,381.945374,10.000000
100000.000000,2800893.750000,2398856.750000,7062.888672,6049.032227,10.000000
100000.000000,202249.468750,172213.078125,509.698059,435.781433,10.000000
100000.000000,166339.734375,140795.890625,419.437134,356.245605,10.000000
100000.000000,192477.156250,322406.500000,484.413544,819.301392,10.000000
100000.000000,127390.492188,445101.625000,346.079926,1126.071167,10.000000
100000.000000,201128.984375,372660.625000,503.833130,951.017090,10.000000
100000.000000,147964.187500,250242.062500,373.187805,634.074707,10.000000
100000.000000,166158.781250,207352.609375,418.858124,525.016724,10.000000
100000.000000,142745.687500,216534.843750,359.974640,548.325745,10.000000
100000.000000,127074.046875,160057.968750,320.507629,405.113159,10.000000
100000.000000,165749.328125,168638.765625,417.872345,426.792572,10.000000
100000.000000,151424.359375,249084.000000,381.866821,631.126343,10.000000
100000.000000,114154.046875,178243.750000,287.929962,451.180756,10.000000
100000.000000,124317.671875,126153.500000,313.643097,319.262634,10.000000
100000.000000,166203.359375,139319.671875,419.078003,352.488739,10.000000
100000.000000,-174244.078125,127528.960938,-442.547119,318.805542,10.000000
100000.000000,-3140.141113,610648.937500,-9.203305,1538.399292,10.000000
100000.000000,143126.437500,259596.609375,361.074249,657.863586,10.000000
100000.000000,121242.851562,214692.250000,305.836761,543.574036,10.000000
100000.000000,215941.265625,190904.406250,544.007507,483.109497,10.000000
100000.000000,180572.687500,197268.734375,455.083649,499.367859,10.000000
100000.000000,107220.101562,172548.234375,270.436829,436.738190,10.000000
100000.000000,121865.968750,181450.718750,307.350922,459.285522,10.000000
100000.000000,109559.953125,388818.875000,281.791718,985.074707,10.000000
100000.000000,123158.812500,147036.390625,310.642426,372.118591,10.000000
100000.000000,205604.953125,261638.203125,517.689026,663.046570,10.000000
100000.000000,131708.671875,131672.781250,332.222717,333.193115,10.000000
100000.000000,108554.203125,139104.750000,273.844604,352.074585,10.000000
100000.000000,201700.515625,307904.375000,507.487701,781.634888,10.000000
100000.000000,109825.632812,135089.140625,277.059784,341.905090,10.000000
100000.000000,128768.718750,204512.375000,324.748444,517.741211,10.000000
100000.000000,172259.734375,237245.859375,434.133942,600.962830,10.000000
100000.000000,189226.578125,268804.718750,476.622650,681.420837,10.000000
100000.000000,153499.343750,185676.671875,386.985840,469.969421,10.000000
100000.000000,-157788.218750,-30046.382812,-406.755249,-87.562225,10.000000
100000.000000,151830.765625,190658.062500,382.777771,482.599457,10.000000
100000.000000,152128.859375,234548.781250,383.558929,594.067078,10.000000
100000.000000,170501.609375,457520.656250,183.487411,1105.278931,10.000000
100000.000000,110240.390625,146658.671875,278.061188,371.168213,10.000000
100000.000000,176183.640625,146373.265625,444.117798,370.297668,10.000000
100000.000000,93181.554688,122539.906250,235.110001,310.199249,10.000000
100000.000000,124432.585938,218115.843750,313.852570,552.222107,10.000000
100000.000000,159426.187500,212295.984375,401.868042,537.503235,10.000000
100000.000000,180890.484375,304854.468750,455.675323,773.898315,10.000000
100000.000000,96458.375000,123192.210938,243.371048,311.829712,10.000000
100000.000000,124670.773438,202654.484375,314.408905,512.990601,10.000000
100000.000000,116608.250000,173611.937500,294.073334,439.384521,10.000000
100000.000000,-11143394.000000,520337.531250,-28105.726562,1311.012085,10.000000
100000.000000,-1244648.500000,-395610.875000,-3140.466309,-999.138062,10.000000
100000.000000,326025.937500,2635729.000000,821.112549,6646.277832,10.000000
100000.000000,26191662.000000,46098916.000000,66056.062500,116262.015625,10.000000
100000.000000,8592.577148,125654.328125,20.921110,316.697571,10.000000
100000.000000,-63987.164062,-58362.554688,-162.147903,-147.720001,10.000000
100000.000000,-12864.687500,-23413.312500,-33.248272,-59.607582,10.000000
100000.000000,-115398.867188,-100769.234375,-291.705261,-254.608490,10.000000
100000.000000,-2846.994873,28287.941406,-8.002007,70.846672,10.000000
100000.000000,-6639.027344,224410.843750,-17.095169,566.139587,10.000000
100000.000000,-42779.410156,-34086.929688,-108.689873,-86.510048,10.000000
100000.000000,-37590.968750,64186.199219,-95.666588,161.461823,10.000000
100000.000000,-98111.296875,-101550.039062,-248.134201,-256.589691,10.000000
100000.000000,70558.140625,114662.640625,177.202011,289.036102,10.000000
100000.000000,-71466.101562,23734.765625,-181.080429,59.398659,10.000000
100000.000000,-50965.097656,39376.644531,-129.391541,98.852966,10.000000
100000.000000,-90422.648438,-108467.000000,-228.749298,-274.033539,10.000000
100000.000000,58040.664062,335292.531250,148.241013,847.757202,10.000000
100000.000000,-7578.621582,119857.390625,-19.890852,302.025513,10.000000
100000.000000,-42043.554688,48402.312500,-106.891930,121.623589,10.000000
100000.000000,-1818.170898,38332.468750,-5.405876,96.196579,10.000000
100000.000000,-138897.703125,-85196.109375,-350.932007,-215.325958,10.000000
100000.000000,-46864.875000,-762.113708,-119.017365,-2.437094,10.000000
100000.000000,161.311188,125906.156250,-0.343078,317.315002,10.000000
100000.000000,36527.179688,84030.679688,91.345955,211.594040,10.000000
100000.000000,53430.660156,154516.796875,134.112076,389.757477,10.000000
100000.000000,-27464.990234,144271.796875,-70.049362,363.633850,10.000000
100000.000000,-33452.464844,139628.859375,-85.181854,351.898804,10.000000
100000.000000,-33857.195312,117100.664062,-86.232826,295.025604,10.000000
100000.000000,-156347.234375,-146655.328125,-394.860992,-370.257202,10.000000
100000.000000,-32397.769531,116632.679688,-82.544563,293.845703,10.000000
100000.000000,24534.085938,66886.312500,61.083282,168.285110,10.000000
100000.000000,-129017.101562,-79180.382812,-326.039673,-200.163879,10.000000
100000.000000,-18236.837891,61137.429688,-46.825657,153.758118,10.000000
100000.000000,49048.253906,63001.191406,122.921501,158.484009,10.000000
100000.000000,-26589.878906,172306.281250,-67.751717,434.415619,10.000000
100000.000000,-14848.280273,153928.984375,-38.159657,388.045685,10.000000
100000.000000,-56310.500000,-16762.599609,-142.825912,-42.800068,10.000000
100000.000000,-5639.892090,108032.007812,-15.008633,272.157349,10.000000
100000.000000,29353.955078,30221.613281,73.239601,75.715729,10.000000
100000.000000,-11731.516602,209045.500000,-30.042862,527.269836,10.000000
100000.000000,-34339.703125,72788.015625,-87.460785,183.161301,10.000000
100000.000000,10214.843750,20224.275391,24.957907,50.484512,10.000000
100000.000000,-64835.898438,-78819.625000,-164.270538,-199.306366,10.000000
100000.000000,-27841.976562,116375.187500,-71.038902,293.193237,10.000000
100000.000000,6001.138184,131333.843750,14.410457,331.025024,10.000000
100000.000000,-34371.117188,109377.492188,-87.531242,275.520081,10.000000
100000.000000,-84665.500000,-9681.309570,-214.325424,-24.910513,10.000000
100000.000000,-1703.660156,153194.187500,-4.975199,386.221771,10.000000
100000.000000,-137827.078125,-126134.343750,-348.208771,-318.539093,10.000000
100000.000000,47755.652344,137814.703125,119.763405,347.502136,10.000000
100000.000000,-127543.335938,-33680.343750,-322.360382,-85.415085,10.000000
100000.000000,22904.457031,341870.250000,59.414089,863.278992,10.000000
100000.000000,-54855.031250,-77870.679688,-139.105957,-196.922073,10.000000
100000.000000,-27145.460938,203984.265625,-68.996300,514.386353,10.000000
100000.000000,17669.558594,116366.437500,43.826542,293.234406,10.000000
100000.000000,-3207.147705,80094.109375,-8.892679,201.607864,10.000000
100000.000000,-94172.140625,17299.607422,-238.318268,43.174988,10.000000
100000.000000,27108.814453,200382.421875,67.954292,505.604523,10.000000
100000.000000,15646.041016,359763.812500,41.451805,908.159058,10.000000
100000.000000,43826.175781,228075.718750,110.331207,575.787048,10.000000
100000.000000,-15366.766602,-17147.886719,-39.559052,-43.809685,10.000000
100000.000000,-188618.515625,-188627.390625,-476.156586,-476.027405,10.000000
100000.000000,-14337.411133,172784.828125,-36.793308,435.647400,10.000000
100000.000000,-62904.183594,-44193.554688,-159.430161,-111.991875,10.000000
100000.000000,-71466.335938,17487.816406,-181.079727,43.620472,10.000000
100000.000000,-39308.085938,99495.648438,-99.995712,250.559875,10.000000
100000.000000,-12600.911133,30229.998047,-32.599583,75.734383,10.000000
100000.000000,-30315.212891,209838.046875,-76.960899,529.134399,10.000000
100000.000000,59561.707031,203933.171875,149.825607,514.787476,10.000000
100000.000000,-32293.853516,57419.359375,-82.293381,144.355331,10.000000
100000.000000,-4913.907715,-14508.207031,-13.189917,-37.156479,10.000000
100000.000000,-92266.609375,-64376.687500,-233.437347,-162.867096,10.000000
100000.000000,-17723.783203,41982.953125,-45.526089,105.394897,10.000000
100000.000000,-54423.085938,113983.593750,-138.175812,287.118988,10.000000
100000.000000,-71608.632812,79126.335938,-181.541306,199.179138,10.000000
100000.000000,-50275.425781,31294.646484,-127.646309,78.435425,10.000000
100000.000000,-103521.101562,-137325.468750,-261.748047,-346.772980,10.000000
100000.000000,-89541.171875,28951.738281,-226.663757,72.569466,10.000000
100000.000000,-2162.821289,168258.796875,-6.063696,424.256500,10.000000
100000.000000,6345.082520,37544.312500,15.202557,94.190254,10.000000
100000.000000,18928.134766,124465.484375,47.028847,313.684143,10.000000
100000.000000,-64041.015625,85564.585938,-162.444199,215.407379,10.000000
100000.000000,-144551.703125,-120170.648438,-365.160614,-303.502228,10.000000
100000.000000,-35395.195312,102188.257812,-90.107376,257.350311,10.000000
100000.000000,13897.288086,140184.953125,34.376682,353.383331,10.000000
100000.000000,-77134.664062,-85360.000000,-195.272995,-215.789917,10.000000
100000.000000,-35968.757812,-42184.941406,-91.503716,-106.947456,10.000000
100000.000000,-40356.453125,57060.703125,-102.630875,143.450546,10.000000
100000.000000,-67061.796875,80680.148438,-170.057983,203.083328,10.000000
100000.000000,-58885.296875,29334.146484,-149.359726,73.494316,10.000000
100000.000000,-13639.890625,202161.734375,-34.867271,509.837860,10.000000
100000.000000,-161619.390625,-133224.734375,-408.159058,-336.398010,10.000000
100000.000000,-101648.757812,-2283.191650,-257.142578,-6.234760,10.000000
100000.000000,-159518.453125,-88838.890625,-402.888214,-224.499802,10.000000
100000.000000,-127550.507812,-30505.416016,-322.383545,-77.408722,10.000000
100000.000000,-59451.324219,98253.421875,-150.850906,247.416214,10.000000
100000.000000,-39366.730469,95581.257812,-100.126137,240.668655,10.000000
100000.000000,-15123.869141,144996.765625,-38.842007,365.455902,10.000000
100000.000000,-34505.816406,188973.515625,-87.627327,476.421753,10.000000
