Mass,x_pos,y_pos,x_vel,y_vel,radius
808 
100000.000000,233002.375000,255816.531250,576.001099,636.223389,10.000000
100000.000000,306844.906250,319565.312500,756.784424,793.985229,10.000000
100000.000000,-435201.125000,36727.597656,-1083.838501,86.371384,10.000000
100000.000000,170473.562500,462183.343750,334.355530,993.809875,10.000000
100000.000000,123810.023438,376875.187500,302.534760,925.292786,10.000000
100000.000000,197163.671875,422575.562500,541.223389,955.692505,10.000000
100000.000000,202718.734375,223119.390625,501.546631,554.729065,10.000000
100000.000000,85004.906250,33417.828125,208.524170,77.596268,10.000000
100000.000000,530563.375000,397480.531250,1311.035645,983.531372,10.000000
100000.000000,210845.796875,235051.750000,521.515259,584.466736,10.000000
100000.000000,-253555.453125,826221.750000,-632.484741,2047.501099,10.000000
100000.000000,-266096.937500,203325.421875,-670.487732,496.542389,10.000000
100000.000000,203447.750000,345833.968750,502.098511,863.603699,10.000000
100000.000000,97851.054688,369785.968750,238.918076,911.328003,10.000000
100000.000000,139049.640625,167471.734375,344.387024,416.205688,10.000000
100000.000000,-140365.859375,272914.312500,-355.341217,670.663696,10.000000
100000.000000,145457.015625,170475.328125,360.219238,423.661621,10.000000
100000.000000,234519.078125,383459.218750,574.998352,957.938538,10.000000
100000.000000,782192.750000,674081.500000,1934.891113,1667.601562,10.000000
100000.000000,232843.750000,362016.593750,586.583862,877.210449,10.000000
100000.000000,2247684.000000,2345868.250000,5562.693848,5805.766602,10.000000
100000.000000,2554243.250000,2157607.750000,6321.525391,5339.733398,10.000000
100000.000000,2569828.250000,2213501.750000,6360.082031,5478.114746,10.000000
100000.000000,958143.312500,848240.687500,2370.544189,2098.638184,10.000000
100000.000000,172876.484375,388250.062500,428.139099,941.292969,10.000000
100000.000000,-151721.781250,727779.937500,-402.603790,1821.042603,10.000000
100000.000000,200569.484375,296173.843750,495.712433,737.531128,10.000000
100000.000000,432943.187500,514921.843750,1068.028687,1273.196655,10.000000
100000.000000,232049.593750,378144.718750,569.397339,944.515198,10.000000
100000.000000,177659.031250,469181.750000,570.420227,1329.998657,10.000000
100000.000000,225169.062500,326077.500000,555.423340,812.577515,10.000000
100000.000000,333810.375000,-165846.843750,827.376587,-420.826904,10.000000
100000.000000,49722.023438,376453.406250,121.967453,930.397034,10.000000
100000.000000,-104189.929688,218315.921875,-282.493805,519.260681,10.000000
100000.000000,188915.265625,206824.687500,467.349945,513.953979,10.000000
100000.000000,-98933.726562,394054.093750,-268.968872,968.607056,10.000000
100000.000000,-51028.843750,497871.218750,-145.297989,1233.719849,10.000000
100000.000000,193293.937500,303086.500000,477.801117,754.959106,10.000000
100000.000000,98495.156250,356372.187500,238.040512,874.052124,10.000000
100000.000000,224893.734375,350887.625000,553.819336,875.472412,10.000000
100000.000000,-12557.625977,1014646.250000,-42.754803,2539.887451,10.000000
100000.000000,46467.539062,956658.187500,112.093468,2372.620850,10.000000
100000.000000,176546.203125,241588.875000,436.763306,600.681519,10.000000
100000.000000,204755.546875,421692.156250,495.641663,1063.216919,10.000000
100000.000000,188674.500000,338407.718750,466.254608,844.606018,10.000000
100000.000000,119320.351562,166895.515625,295.421570,414.626648,10.000000
100000.000000,151586.093750,210470.171875,375.171143,523.037415,10.000000
100000.000000,118810.968750,184215.984375,294.149475,457.680969,10.000000
100000.000000,109473.648438,149769.718750,271.080017,372.086914,10.000000
100000.000000,172359.968750,195822.328125,426.464264,486.532623,10.000000
100000.000000,119529.117188,153749.937500,295.953674,381.951324,10.000000
100000.000000,2853866.250000,2444224.250000,7062.888672,6049.032227,10.000000
100000.000000,206072.125000,175481.437500,509.697144,435.788300,10.000000
100000.000000,169485.515625,143467.765625,419.437134,356.251404,10.000000
100000.000000,196110.203125,328551.343750,484.408508,819.332031,10.000000
100000.000000,129987.226562,453547.437500,346.360992,1126.147095,10.000000
100000.000000,204907.609375,379793.500000,503.808441,951.084595,10.000000
100000.000000,150763.093750,254997.718750,373.189178,634.087952,10.000000
100000.000000,169300.109375,211290.343750,418.858124,525.025879,10.000000
100000.000000,145445.453125,220647.375000,359.975555,548.335754,10.000000
100000.000000,129477.898438,163096.406250,320.508545,405.119568,10.000000
100000.000000,168883.390625,171839.718750,417.872345,426.799438,10.000000
100000.000000,154288.421875,253817.437500,381.868195,631.139404,10.000000
100000.000000,116313.578125,181627.656250,287.931335,451.187653,10.000000
100000.000000,126669.976562,128547.992188,313.644012,319.267670,10.000000
100000.000000,169346.328125,141963.421875,419.078003,352.494415,10.000000
100000.000000,-177563.078125,129920.054688,-442.545288,318.807373,10.000000
100000.000000,-3209.133545,622186.750000,-9.195311,1538.391968,10.000000
100000.000000,145834.406250,264530.656250,361.076080,657.878113,10.000000
100000.000000,123536.679688,218769.109375,305.838593,543.583191,10.000000
100000.000000,220021.265625,194527.843750,544.006592,483.117279,10.000000
100000.000000,183985.890625,201014.046875,455.083191,499.376404,10.000000
100000.000000,109248.382812,175823.859375,270.438202,436.744812,10.000000
100000.000000,124171.109375,184895.328125,307.352295,459.292847,10.000000
100000.000000,111673.570312,396207.156250,281.837891,985.126221,10.000000
100000.000000,125488.617188,149827.328125,310.643341,372.124451,10.000000
100000.000000,209487.609375,266611.156250,517.686279,663.061096,10.000000
100000.000000,134200.312500,134171.687500,332.223175,333.198517,10.000000
100000.000000,110608.031250,141745.312500,273.845520,352.080078,10.000000
100000.000000,205506.671875,313766.625000,507.482666,781.659241,10.000000
100000.000000,111903.601562,137653.437500,277.060699,341.910370,10.000000
100000.000000,131204.343750,208395.500000,324.749817,517.749878,10.000000
100000.000000,175515.671875,241753.125000,434.133942,600.974731,10.000000
100000.000000,192801.265625,273915.500000,476.621002,681.436890,10.000000
100000.000000,156401.843750,189201.437500,386.986298,469.977203,10.000000
100000.000000,-160838.843750,-30703.101562,-406.754333,-87.560852,10.000000
100000.000000,154701.625000,194277.515625,382.778229,482.607544,10.000000
100000.000000,155005.578125,239004.265625,383.559845,594.078674,10.000000
100000.000000,174364.953125,465830.625000,355.030334,1351.289185,10.000000
100000.000000,112325.859375,149442.437500,278.062103,371.173798,10.000000
100000.000000,179514.578125,149150.609375,444.117798,370.303619,10.000000
100000.000000,94944.875000,124866.429688,235.111145,310.203949,10.000000
100000.000000,126786.531250,222257.484375,313.854401,552.231567,10.000000
100000.000000,162440.250000,216327.234375,401.868500,537.512817,10.000000
100000.000000,184308.140625,310658.875000,455.673492,773.923035,10.000000
100000.000000,98283.687500,125530.921875,243.372192,311.834534,10.000000
100000.000000,127028.820312,206501.984375,314.410278,512.998840,10.000000
100000.000000,118813.835938,176907.281250,294.074707,439.391388,10.000000
100000.000000,-11354189.000000,530170.062500,-28105.726562,1311.012085,10.000000
100000.000000,-1268202.250000,-403104.312500,-3140.466309,-999.138062,10.000000
100000.000000,332184.375000,2685577.750000,821.112549,6646.277832,10.000000
100000.000000,26687082.000000,46970896.000000,66056.062500,116262.015625,10.000000
100000.000000,8749.492188,128029.601562,20.922964,316.701233,10.000000
100000.000000,-65203.277344,-59470.445312,-162.147217,-147.718399,10.000000
100000.000000,-13114.047852,-23860.355469,-33.247494,-59.605553,10.000000
100000.000000,-117586.640625,-102678.804688,-291.704803,-254.607117,10.000000
100000.000000,-2907.005859,28819.298828,-8.000999,70.849174,10.000000
100000.000000,-6767.224609,228656.984375,-17.091097,566.145081,10.000000
100000.000000,-43594.566406,-34735.738281,-108.689072,-86.508217,10.000000
100000.000000,-38308.449219,65397.156250,-95.665215,161.464340,10.000000
100000.000000,-99972.351562,-103474.492188,-248.133514,-256.588318,10.000000
100000.000000,71887.164062,116830.414062,177.203308,289.040405,10.000000
100000.000000,-72824.187500,24180.259766,-181.079285,59.400696,10.000000
100000.000000,-51935.527344,40118.031250,-129.390396,98.855255,10.000000
100000.000000,-92138.273438,-110522.234375,-228.748611,-274.032166,10.000000
100000.000000,59152.527344,341650.656250,148.255203,847.772766,10.000000
100000.000000,-7727.795410,122122.625000,-19.889006,302.029175,10.000000
100000.000000,-42845.234375,49314.500000,-106.890671,121.625992,10.000000
100000.000000,-1858.710693,39053.933594,-5.404809,96.199173,10.000000
100000.000000,-141529.734375,-86811.070312,-350.931091,-215.324600,10.000000
100000.000000,-47757.492188,-780.383728,-119.016434,-2.435072,10.000000
100000.000000,158.745728,128286.000000,-0.341183,317.318665,10.000000
100000.000000,37212.257812,85617.632812,91.347214,211.597473,10.000000
100000.000000,54436.507812,157439.921875,134.114105,389.762512,10.000000
100000.000000,-27990.347656,146998.984375,-70.047112,363.637512,10.000000
100000.000000,-34091.312500,142268.156250,-85.179680,351.902100,10.000000
100000.000000,-34503.953125,119313.398438,-86.230949,295.028809,10.000000
100000.000000,-159308.796875,-149432.203125,-394.860535,-370.256287,10.000000
100000.000000,-33016.843750,118836.507812,-82.542702,293.848907,10.000000
100000.000000,24992.212891,68148.421875,61.084438,168.288223,10.000000
100000.000000,-131462.421875,-80681.554688,-326.038757,-200.162506,10.000000
100000.000000,-18588.019531,62290.613281,-46.824371,153.760864,10.000000
100000.000000,49970.167969,64189.824219,122.922531,158.487213,10.000000
100000.000000,-27098.003906,175564.328125,-67.748985,434.419678,10.000000
100000.000000,-15134.468750,156839.390625,-38.157280,388.049561,10.000000
100000.000000,-57381.710938,-17083.593750,-142.824997,-42.798191,10.000000
100000.000000,-5752.449707,110073.179688,-15.006938,272.160553,10.000000
100000.000000,29903.251953,30789.494141,73.240517,75.718430,10.000000
100000.000000,-11956.823242,213000.109375,-30.039268,527.274414,10.000000
100000.000000,-34995.660156,74161.687500,-87.459366,183.164032,10.000000
100000.000000,10402.035156,20602.917969,24.958820,50.487003,10.000000
100000.000000,-66067.921875,-80314.468750,-164.269852,-199.304764,10.000000
100000.000000,-28374.767578,118574.140625,-71.037056,293.196442,10.000000
100000.000000,6109.224609,133816.578125,14.412402,331.028809,10.000000
100000.000000,-35027.601562,111443.859375,-87.529442,275.523285,10.000000
100000.000000,-86272.960938,-9868.131836,-214.324509,-24.908731,10.000000
100000.000000,-1740.964844,156090.828125,-4.972876,386.225891,10.000000
100000.000000,-140438.718750,-128523.328125,-348.208313,-318.537720,10.000000
100000.000000,48653.894531,140420.953125,119.765160,347.506714,10.000000
100000.000000,-129961.031250,-34320.949219,-322.359467,-85.413597,10.000000
100000.000000,23350.113281,348345.000000,59.427017,863.289062,10.000000
100000.000000,-55898.332031,-79347.593750,-139.105270,-196.920471,10.000000
100000.000000,-27662.919922,207842.093750,-68.992867,514.390930,10.000000
100000.000000,17998.269531,118565.695312,43.828228,293.238068,10.000000
100000.000000,-3273.837158,81606.179688,-8.891283,201.610840,10.000000
100000.000000,-95959.484375,17623.425781,-238.317123,43.176857,10.000000
100000.000000,27618.486328,204174.421875,67.957535,505.610413,10.000000
100000.000000,15956.987305,366575.218750,41.466358,908.168213,10.000000
100000.000000,44653.683594,232394.078125,110.335266,575.794373,10.000000
100000.000000,-15663.456055,-17476.451172,-39.558250,-43.807617,10.000000
100000.000000,-192189.687500,-192197.625000,-476.156128,-476.026489,10.000000
100000.000000,-14613.350586,176052.250000,-36.790588,435.651520,10.000000
100000.000000,-64099.906250,-45033.496094,-159.429413,-111.990158,10.000000
100000.000000,-72824.421875,17814.974609,-181.078583,43.622471,10.000000
100000.000000,-40058.027344,101374.867188,-99.993996,250.562790,10.000000
100000.000000,-12845.406250,30798.013672,-32.598537,75.736832,10.000000
100000.000000,-30892.404297,213806.484375,-76.957321,529.138977,10.000000
100000.000000,60685.417969,207794.031250,149.828583,514.794434,10.000000
100000.000000,-32911.042969,58502.054688,-82.292114,144.357849,10.000000
100000.000000,-5012.828613,-14786.872070,-13.189125,-37.154346,10.000000
100000.000000,-94017.390625,-65598.187500,-233.436661,-162.865540,10.000000
100000.000000,-18065.226562,42773.441406,-45.524944,105.397415,10.000000
100000.000000,-55459.375000,116137.031250,-138.173981,287.121735,10.000000
100000.000000,-72970.234375,80620.218750,-181.539703,199.181534,10.000000
100000.000000,-51232.789062,31882.927734,-127.645164,78.437637,10.000000
100000.000000,-105484.226562,-139926.328125,-261.747589,-346.771606,10.000000
100000.000000,-91241.093750,29496.015625,-226.662613,72.571411,10.000000
100000.000000,-2208.288574,171440.671875,-6.061090,424.260864,10.000000
100000.000000,6459.105469,38250.753906,15.203588,94.192886,10.000000
100000.000000,19280.863281,126818.140625,47.030632,313.688110,10.000000
100000.000000,-65259.355469,87180.132812,-162.442596,215.409897,10.000000
100000.000000,-147290.375000,-122446.898438,-365.160156,-303.500854,10.000000
100000.000000,-36071.015625,104118.414062,-90.105659,257.353210,10.000000
100000.000000,14155.121094,142835.265625,34.378719,353.387451,10.000000
100000.000000,-78599.156250,-86978.421875,-195.272308,-215.788498,10.000000
100000.000000,-36655.007812,-42987.031250,-91.502937,-106.945625,10.000000
100000.000000,-41126.199219,58136.601562,-102.629570,143.453064,10.000000
100000.000000,-68337.265625,82203.234375,-170.056381,203.085846,10.000000
100000.000000,-60005.492188,29885.367188,-149.358582,73.496483,10.000000
100000.000000,-13901.381836,205985.562500,-34.863869,509.842438,10.000000
100000.000000,-164680.562500,-135747.781250,-408.158600,-336.397095,10.000000
100000.000000,-103577.312500,-2329.945312,-257.141663,-6.233025,10.000000
100000.000000,-162540.015625,-90522.640625,-402.887299,-224.498657,10.000000
100000.000000,-129968.414062,-31085.972656,-322.382629,-77.407234,10.000000
100000.000000,-60582.710938,100109.085938,-150.849228,247.418915,10.000000
100000.000000,-40117.667969,97386.296875,-100.124489,240.671478,10.000000
100000.000000,-15415.174805,147737.781250,-38.839779,365.459564,10.000000
100000.000000,-35163.003906,192546.796875,-87.624260,476.425873,10.000000
