Mass,x_pos,y_pos,x_vel,y_vel,radius
846 
100000.000000,243946.375000,267905.062500,575.992798,636.252197,10.000000
100000.000000,321223.281250,334651.312500,756.759888,794.012024,10.000000
100000.000000,-455793.562500,38368.722656,-1083.838501,86.372833,10.000000
100000.000000,177200.437500,481471.187500,366.627472,1029.934448,10.000000
100000.000000,129558.851562,394456.937500,302.602325,925.412903,10.000000
100000.000000,207444.109375,440738.781250,540.944153,956.194336,10.000000
100000.000000,212247.828125,233659.531250,501.543915,554.752686,10.000000
100000.000000,88967.000000,34892.230469,208.525681,77.603424,10.000000
100000.000000,555472.375000,416168.218750,1311.026367,983.533691,10.000000
100000.000000,220754.296875,246156.859375,521.510620,584.492493,10.000000
100000.000000,-265572.562500,865124.250000,-632.481384,2047.496460,10.000000
100000.000000,-278836.437500,212759.515625,-670.483093,496.544708,10.000000
100000.000000,212987.453125,362243.375000,502.075775,863.694580,10.000000
100000.000000,102391.070312,387101.875000,238.977386,911.402893,10.000000
100000.000000,145592.765625,175379.890625,344.389282,416.221344,10.000000
100000.000000,-147117.390625,285657.375000,-355.332214,670.668335,10.000000
100000.000000,152301.171875,178525.031250,360.220398,423.677643,10.000000
100000.000000,245443.250000,401661.093750,574.916748,958.047729,10.000000
100000.000000,818955.375000,705766.375000,1934.886475,1667.601562,10.000000
100000.000000,243988.343750,378684.500000,586.534241,877.296936,10.000000
100000.000000,2353371.500000,2456182.250000,5562.693848,5805.766602,10.000000
100000.000000,2674351.750000,2259058.250000,6321.525391,5339.733398,10.000000
100000.000000,2690668.250000,2317583.750000,6360.082031,5478.114746,10.000000
100000.000000,1003182.812500,888114.562500,2370.544189,2098.638184,10.000000
100000.000000,181011.062500,406136.968750,428.141418,941.530823,10.000000
100000.000000,-159371.062500,762378.937500,-402.597565,1821.037964,10.000000
100000.000000,209988.140625,310187.531250,495.704742,737.578857,10.000000
100000.000000,453235.187500,539113.125000,1068.010132,1273.192017,10.000000
100000.000000,242867.437500,396091.593750,569.325500,944.622131,10.000000
100000.000000,188275.875000,494232.625000,551.250916,1310.676758,10.000000
100000.000000,235721.812500,341517.093750,555.400940,812.637817,10.000000
100000.000000,349530.500000,-173842.281250,827.376587,-420.823425,10.000000
100000.000000,52039.898438,394131.437500,122.017021,930.432678,10.000000
100000.000000,-109557.187500,228181.843750,-282.486084,519.267639,10.000000
100000.000000,197794.796875,216590.093750,467.348785,513.974915,10.000000
100000.000000,-104043.968750,412457.968750,-268.951660,968.611694,10.000000
100000.000000,-53789.238281,521311.562500,-145.270798,1233.715210,10.000000
100000.000000,202372.140625,317431.312500,477.794678,755.011841,10.000000
100000.000000,103018.375000,372979.843750,238.086411,874.118774,10.000000
100000.000000,235415.921875,367522.500000,553.782471,875.554749,10.000000
100000.000000,-13369.950195,1062904.625000,-42.753456,2539.887451,10.000000
100000.000000,48597.320312,1001738.062500,112.094917,2372.611572,10.000000
100000.000000,184844.453125,253002.093750,436.763306,600.709900,10.000000
100000.000000,214169.906250,441897.281250,495.352814,1063.620361,10.000000
100000.000000,197533.250000,354456.125000,466.244202,844.692322,10.000000
100000.000000,124933.367188,174773.453125,295.423889,414.641876,10.000000
100000.000000,158714.468750,220408.109375,375.173462,523.058899,10.000000
100000.000000,124399.937500,192912.046875,294.152954,457.697876,10.000000
100000.000000,114624.132812,156839.500000,271.082336,372.100311,10.000000
100000.000000,180462.875000,205066.593750,426.464264,486.552094,10.000000
100000.000000,125152.226562,161007.281250,295.955994,381.965332,10.000000
100000.000000,2988063.250000,2559155.250000,7062.888672,6049.032227,10.000000
100000.000000,215756.187500,183761.578125,509.694824,435.804901,10.000000
100000.000000,177454.828125,150236.515625,419.437134,356.265045,10.000000
100000.000000,205313.921875,344119.312500,484.396545,819.404785,10.000000
100000.000000,136574.765625,474946.062500,347.038239,1126.330811,10.000000
100000.000000,214479.390625,397865.718750,503.749573,951.245239,10.000000
100000.000000,157853.656250,267045.750000,373.192657,634.119385,10.000000
100000.000000,177258.140625,221265.968750,418.858124,525.047791,10.000000
100000.000000,152284.859375,231065.906250,359.977875,548.358948,10.000000
100000.000000,135567.468750,170793.781250,320.510864,405.134583,10.000000
100000.000000,176823.015625,179949.156250,417.872345,426.815979,10.000000
100000.000000,161544.046875,265809.562500,381.870880,631.170654,10.000000
100000.000000,121784.390625,190200.265625,287.934814,451.204285,10.000000
100000.000000,132629.218750,134614.218750,313.645386,319.279816,10.000000
100000.000000,177308.515625,148660.921875,419.078003,352.507935,10.000000
100000.000000,-185971.171875,135977.484375,-442.540649,318.811707,10.000000
100000.000000,-3383.656250,651415.875000,-9.176327,1538.373901,10.000000
100000.000000,152694.937500,277030.500000,361.080719,657.912109,10.000000
100000.000000,129347.710938,229097.390625,305.843231,543.605103,10.000000
100000.000000,230357.265625,203707.218750,544.004272,483.135773,10.000000
100000.000000,192632.671875,210502.359375,455.082031,499.396667,10.000000
100000.000000,114386.695312,184122.109375,270.441681,436.760529,10.000000
100000.000000,130010.937500,193622.140625,307.355774,459.309967,10.000000
100000.000000,117029.578125,414925.781250,281.947723,985.248901,10.000000
100000.000000,131390.812500,156897.703125,310.645660,372.138184,10.000000
100000.000000,219323.671875,279209.406250,517.679321,663.095154,10.000000
100000.000000,140512.468750,140502.640625,332.224335,333.211182,10.000000
100000.000000,115811.062500,148435.093750,273.847839,352.092896,10.000000
100000.000000,215148.578125,328618.687500,507.470520,781.717041,10.000000
100000.000000,117167.789062,144149.718750,277.063019,341.922913,10.000000
100000.000000,137374.593750,218232.906250,324.753296,517.770752,10.000000
100000.000000,183764.046875,253171.937500,434.133942,601.003113,10.000000
100000.000000,201857.140625,286863.031250,476.617523,681.475037,10.000000
100000.000000,163754.843750,198131.218750,386.987457,469.995636,10.000000
100000.000000,-168567.093750,-32366.720703,-406.752014,-87.557571,10.000000
100000.000000,161974.468750,203447.343750,382.779388,482.626678,10.000000
100000.000000,162293.265625,250292.046875,383.562164,594.106018,10.000000
100000.000000,182599.531250,487062.187500,534.710388,1341.220337,10.000000
100000.000000,117609.046875,156495.000000,278.064423,371.187225,10.000000
100000.000000,187952.953125,156186.546875,444.117798,370.317810,10.000000
100000.000000,99411.953125,130760.414062,235.113754,310.215302,10.000000
100000.000000,132749.781250,232750.171875,313.859039,552.254333,10.000000
100000.000000,170075.875000,226540.265625,401.869659,537.535706,10.000000
100000.000000,192965.812500,325363.968750,455.669434,773.981689,10.000000
100000.000000,102907.812500,131455.921875,243.374603,311.846008,10.000000
100000.000000,133002.546875,216249.109375,314.413757,513.019104,10.000000
100000.000000,124401.320312,185256.000000,294.078186,439.407501,10.000000
100000.000000,-11888203.000000,555079.062500,-28105.726562,1311.012085,10.000000
100000.000000,-1327871.750000,-422087.687500,-3140.466309,-999.138062,10.000000
100000.000000,347785.750000,2811861.250000,821.112549,6646.277832,10.000000
100000.000000,27942146.000000,49179912.000000,66056.062500,116262.015625,10.000000
100000.000000,9147.073242,134047.109375,20.927370,316.710388,10.000000
100000.000000,-68283.968750,-62277.082031,-162.145477,-147.714462,10.000000
100000.000000,-13745.731445,-24992.814453,-33.245659,-59.600731,10.000000
100000.000000,-123129.000000,-107516.382812,-291.703644,-254.604126,10.000000
100000.000000,-3059.001465,30165.496094,-7.998606,70.855103,10.000000
100000.000000,-7091.859375,239413.953125,-17.081423,566.157715,10.000000
100000.000000,-45659.628906,-36379.382812,-108.687172,-86.503838,10.000000
100000.000000,-40126.066406,68465.054688,-95.661980,161.470444,10.000000
100000.000000,-104686.843750,-108349.679688,-248.131775,-256.584839,10.000000
100000.000000,75254.023438,122322.304688,177.206207,289.050812,10.000000
100000.000000,-76264.671875,25308.925781,-181.076462,59.405533,10.000000
100000.000000,-54393.949219,41996.355469,-129.387497,98.860634,10.000000
100000.000000,-96484.523438,-115728.828125,-228.747055,-274.028687,10.000000
100000.000000,61969.710938,357758.843750,148.288940,847.809143,10.000000
100000.000000,-8105.643066,127861.218750,-19.884621,302.037292,10.000000
100000.000000,-44876.156250,51625.449219,-106.887711,121.631691,10.000000
100000.000000,-1961.377197,40881.792969,-5.402275,96.205338,10.000000
100000.000000,-148197.546875,-90902.304688,-350.929382,-215.321701,10.000000
100000.000000,-50018.789062,-826.602783,-119.014114,-2.430272,10.000000
100000.000000,152.307755,134315.031250,-0.336680,317.327423,10.000000
100000.000000,38947.917969,89638.070312,91.350143,211.605682,10.000000
100000.000000,56984.734375,164845.625000,134.118744,389.774597,10.000000
100000.000000,-29321.193359,153908.250000,-70.041771,363.645782,10.000000
100000.000000,-35709.687500,148954.375000,-85.174500,351.910217,10.000000
100000.000000,-36142.269531,124918.992188,-86.226471,295.036163,10.000000
100000.000000,-166811.406250,-156466.953125,-394.859375,-370.253967,10.000000
100000.000000,-34585.085938,124419.742188,-82.538239,293.856323,10.000000
100000.000000,26152.845703,71346.031250,61.087193,168.295578,10.000000
100000.000000,-137657.015625,-84484.523438,-326.036835,-200.159378,10.000000
100000.000000,-19477.654297,65212.144531,-46.821320,153.767273,10.000000
100000.000000,52305.683594,67201.179688,122.924866,158.494919,10.000000
100000.000000,-28385.169922,183818.515625,-67.742508,434.428955,10.000000
100000.000000,-15859.401367,164212.578125,-38.151642,388.058838,10.000000
100000.000000,-60095.343750,-17896.712891,-142.822678,-42.793724,10.000000
100000.000000,-6037.541992,115244.320312,-15.002915,272.168671,10.000000
100000.000000,31294.853516,32228.205078,73.242607,75.724846,10.000000
100000.000000,-12527.486328,223018.453125,-30.030735,527.286011,10.000000
100000.000000,-36657.367188,77641.953125,-87.455986,183.170395,10.000000
100000.000000,10876.274414,21562.230469,24.960991,50.492920,10.000000
100000.000000,-69188.968750,-84101.109375,-164.268112,-199.301208,10.000000
100000.000000,-29724.423828,124145.000000,-71.032616,293.204071,10.000000
100000.000000,6383.105957,140106.171875,14.417023,331.038086,10.000000
100000.000000,-36690.617188,116678.953125,-87.525200,275.530273,10.000000
100000.000000,-90345.195312,-10341.355469,-214.322189,-24.904499,10.000000
100000.000000,-1835.394897,163429.078125,-4.967360,386.235596,10.000000
100000.000000,-147054.875000,-134575.421875,-348.207153,-318.535370,10.000000
100000.000000,50929.441406,147023.578125,119.769348,347.517578,10.000000
100000.000000,-136085.609375,-35943.808594,-322.357147,-85.410049,10.000000
100000.000000,24479.533203,364747.937500,59.457729,863.312988,10.000000
100000.000000,-58541.261719,-83089.109375,-139.103531,-196.916763,10.000000
100000.000000,-28973.703125,217615.812500,-68.984726,514.401367,10.000000
100000.000000,18831.044922,124137.320312,43.832237,293.247101,10.000000
100000.000000,-3442.739014,85436.796875,-8.887968,201.618042,10.000000
100000.000000,-100487.421875,18443.826172,-238.314362,43.181297,10.000000
100000.000000,28909.755859,213781.296875,67.965240,505.624176,10.000000
100000.000000,16745.191406,383830.781250,41.500931,908.189880,10.000000
100000.000000,46750.148438,243334.437500,110.344917,575.811829,10.000000
100000.000000,-16415.041016,-18308.751953,-39.556324,-43.802723,10.000000
100000.000000,-201236.656250,-201242.218750,-476.154968,-476.024170,10.000000
100000.000000,-15312.308594,184329.718750,-36.784115,435.661499,10.000000
100000.000000,-67128.992188,-47161.265625,-159.427673,-111.986115,10.000000
100000.000000,-76264.906250,18643.847656,-181.075958,43.627220,10.000000
100000.000000,-41957.878906,106135.554688,-99.989998,250.569626,10.000000
100000.000000,-13464.750977,32237.074219,-32.596035,75.742653,10.000000
100000.000000,-32354.509766,223860.375000,-76.948845,529.149414,10.000000
100000.000000,63532.234375,217575.390625,149.835754,514.810669,10.000000
100000.000000,-34474.535156,61244.902344,-82.289040,144.363907,10.000000
100000.000000,-5263.403320,-15492.756836,-13.187244,-37.149300,10.000000
100000.000000,-98452.703125,-68692.515625,-233.434921,-162.862061,10.000000
100000.000000,-18930.171875,44776.039062,-45.522236,105.403397,10.000000
100000.000000,-58084.640625,121592.406250,-138.169495,287.128693,10.000000
100000.000000,-76419.375000,84404.781250,-181.536133,199.187256,10.000000
100000.000000,-53657.992188,33373.308594,-127.642441,78.442917,10.000000
100000.000000,-110457.476562,-146515.171875,-261.746429,-346.768738,10.000000
100000.000000,-95547.562500,30874.914062,-226.659714,72.576065,10.000000
100000.000000,-2323.387939,179501.750000,-6.054906,424.271301,10.000000
100000.000000,6747.998535,40040.464844,15.206038,94.199150,10.000000
100000.000000,20174.488281,132778.203125,47.034863,313.697388,10.000000
100000.000000,-68345.679688,91272.945312,-162.438828,215.415863,10.000000
100000.000000,-154228.343750,-128213.398438,-365.158997,-303.498535,10.000000
100000.000000,-37782.949219,109008.242188,-90.101585,257.360168,10.000000
100000.000000,14808.363281,149549.812500,34.383556,353.397217,10.000000
100000.000000,-82309.203125,-91078.265625,-195.270569,-215.785019,10.000000
100000.000000,-38393.507812,-45018.988281,-91.501198,-106.941315,10.000000
100000.000000,-43076.101562,60862.261719,-102.626457,143.458954,10.000000
100000.000000,-71568.281250,86062.015625,-170.052765,203.091660,10.000000
100000.000000,-62843.320312,31281.845703,-149.355682,73.501572,10.000000
100000.000000,-14563.715820,215672.593750,-34.855789,509.853638,10.000000
100000.000000,-172435.531250,-142139.500000,-408.157440,-336.394775,10.000000
100000.000000,-108462.984375,-2448.332031,-257.139343,-6.228905,10.000000
100000.000000,-170194.640625,-94788.140625,-402.885590,-224.495758,10.000000
100000.000000,-136093.546875,-32556.677734,-322.380310,-77.403664,10.000000
100000.000000,-63448.796875,104810.101562,-150.845169,247.425247,10.000000
100000.000000,-42020.019531,101959.062500,-100.120567,240.678223,10.000000
100000.000000,-16153.079102,154681.687500,-38.834488,365.468536,10.000000
100000.000000,-36827.792969,201599.109375,-87.616989,476.435303,10.000000
