Mass,x_pos,y_pos,x_vel,y_vel,radius
871 
100000.000000,251146.375000,275858.187500,575.988220,636.269775,10.000000
100000.000000,330682.656250,344576.312500,756.744629,794.028625,10.000000
100000.000000,-469341.218750,39448.410156,-1083.838501,86.373787,10.000000
100000.000000,181849.875000,494431.750000,376.186920,1042.490479,10.000000
100000.000000,133341.625000,406025.125000,302.643433,925.486084,10.000000
100000.000000,214204.843750,452693.093750,540.783447,956.482422,10.000000
100000.000000,218516.968750,240593.953125,501.542389,554.767090,10.000000
100000.000000,91573.640625,35862.304688,208.526443,77.607773,10.000000
100000.000000,571859.875000,428462.750000,1311.020264,983.535217,10.000000
100000.000000,227273.046875,253463.109375,521.507568,584.507996,10.000000
100000.000000,-273478.812500,890718.000000,-632.479858,2047.493408,10.000000
100000.000000,-287217.687500,218966.156250,-670.480042,496.546234,10.000000
100000.000000,219263.234375,373039.937500,502.061829,863.750061,10.000000
100000.000000,105378.531250,398494.812500,239.013550,911.448486,10.000000
100000.000000,149897.453125,180582.625000,344.390045,416.230927,10.000000
100000.000000,-151559.093750,294040.968750,-355.326874,670.671387,10.000000
100000.000000,156803.906250,183821.125000,360.221161,423.687561,10.000000
100000.000000,252629.375000,413637.125000,574.866821,958.114685,10.000000
100000.000000,843141.312500,726611.687500,1934.883423,1667.601562,10.000000
100000.000000,251319.828125,389651.000000,586.504150,877.349365,10.000000
100000.000000,2422902.750000,2528757.250000,5562.693848,5805.766602,10.000000
100000.000000,2753370.500000,2325802.000000,6321.525391,5339.733398,10.000000
100000.000000,2770168.250000,2386058.750000,6360.082031,5478.114746,10.000000
100000.000000,1032814.062500,914347.375000,2370.544189,2098.638184,10.000000
100000.000000,186363.015625,417907.093750,428.142944,941.674927,10.000000
100000.000000,-164403.484375,785141.437500,-402.593750,1821.034912,10.000000
100000.000000,216184.359375,319407.468750,495.700165,737.608093,10.000000
100000.000000,466585.187500,555028.750000,1067.997925,1273.188965,10.000000
100000.000000,249983.703125,407899.812500,569.281616,944.687622,10.000000
100000.000000,195126.828125,510572.937500,545.581116,1304.469116,10.000000
100000.000000,242664.281250,351675.312500,555.387207,812.674744,10.000000
100000.000000,359872.687500,-179102.437500,827.376587,-420.821136,10.000000
100000.000000,53565.308594,405761.906250,122.047272,930.454285,10.000000
100000.000000,-113088.242188,234672.859375,-282.481506,519.272217,10.000000
100000.000000,203636.593750,223014.812500,467.348022,513.987732,10.000000
100000.000000,-107405.796875,424565.781250,-268.941101,968.614746,10.000000
100000.000000,-55605.015625,536733.312500,-145.254242,1233.712158,10.000000
100000.000000,208344.406250,326869.156250,477.790863,755.044128,10.000000
100000.000000,105994.640625,383906.468750,238.114349,874.159302,10.000000
100000.000000,242338.078125,378467.218750,553.759766,875.605042,10.000000
100000.000000,-13904.364258,1094654.625000,-42.752621,2539.887451,10.000000
100000.000000,49998.492188,1031395.875000,112.095711,2372.605469,10.000000
100000.000000,190303.828125,260511.078125,436.763306,600.727051,10.000000
100000.000000,220360.656250,455194.156250,495.174103,1063.869507,10.000000
100000.000000,203361.375000,365015.125000,466.238098,844.745056,10.000000
100000.000000,128626.140625,179956.656250,295.425415,414.651031,10.000000
100000.000000,163404.312500,226946.390625,375.174500,523.072266,10.000000
100000.000000,128076.890625,198633.343750,294.155243,457.708252,10.000000
100000.000000,118012.609375,161490.671875,271.083862,372.108582,10.000000
100000.000000,185793.734375,211148.625000,426.464264,486.564026,10.000000
100000.000000,128851.640625,165781.890625,295.957520,381.973724,10.000000
100000.000000,3076350.750000,2634767.750000,7062.888672,6049.032227,10.000000
100000.000000,222127.281250,189209.234375,509.693817,435.814941,10.000000
100000.000000,182697.796875,154690.015625,419.437134,356.273438,10.000000
100000.000000,211368.906250,354362.281250,484.389130,819.449280,10.000000
100000.000000,140915.515625,489025.968750,347.458618,1126.445312,10.000000
100000.000000,220776.031250,409756.875000,503.713531,951.343567,10.000000
100000.000000,162518.500000,274972.312500,373.194946,634.138672,10.000000
100000.000000,182493.687500,227829.250000,418.858124,525.061523,10.000000
100000.000000,156784.468750,237920.593750,359.979401,548.372864,10.000000
100000.000000,139573.718750,175857.984375,320.512390,405.143738,10.000000
100000.000000,182046.453125,185284.312500,417.872345,426.825928,10.000000
100000.000000,166317.484375,273699.406250,381.872406,631.189758,10.000000
100000.000000,125383.609375,195840.500000,287.937103,451.214355,10.000000
100000.000000,136549.921875,138605.234375,313.646149,319.287354,10.000000
100000.000000,182546.796875,153067.218750,419.078003,352.516327,10.000000
100000.000000,-191502.812500,139962.640625,-442.538086,318.813995,10.000000
100000.000000,-3498.283936,670645.562500,-9.164739,1538.364746,10.000000
100000.000000,157208.609375,285254.718750,361.083771,657.933044,10.000000
100000.000000,133170.765625,235892.593750,305.846130,543.618835,10.000000
100000.000000,237157.265625,209746.515625,544.002747,483.147095,10.000000
100000.000000,198321.343750,216744.937500,455.081268,499.408997,10.000000
100000.000000,117767.164062,189581.687500,270.443970,436.770142,10.000000
100000.000000,133852.781250,199363.546875,307.357300,459.320526,10.000000
100000.000000,120554.367188,427241.875000,282.014862,985.323975,10.000000
100000.000000,135274.015625,161549.546875,310.647186,372.146576,10.000000
100000.000000,225794.765625,287498.468750,517.675842,663.116089,10.000000
100000.000000,144665.203125,144667.875000,332.225098,333.218811,10.000000
100000.000000,119234.109375,152836.265625,273.849365,352.100586,10.000000
100000.000000,221491.937500,338390.531250,507.462921,781.752502,10.000000
100000.000000,120631.070312,148423.937500,277.064545,341.930542,10.000000
100000.000000,141433.968750,224705.171875,324.755585,517.782959,10.000000
100000.000000,189190.609375,260684.546875,434.133942,601.020264,10.000000
100000.000000,207814.953125,295381.781250,476.615234,681.498230,10.000000
100000.000000,168592.343750,204006.218750,386.988220,470.006958,10.000000
100000.000000,-173651.468750,-33461.171875,-406.750488,-87.555573,10.000000
100000.000000,166759.234375,209480.156250,382.780151,482.638336,10.000000
100000.000000,167087.796875,257718.546875,383.563690,594.122803,10.000000
100000.000000,187839.203125,501786.281250,299.386475,1382.924072,10.000000
100000.000000,121084.828125,161134.843750,278.065948,371.195526,10.000000
100000.000000,193504.515625,160815.453125,444.117798,370.326385,10.000000
100000.000000,102350.820312,134638.140625,235.115280,310.222168,10.000000
100000.000000,136673.187500,239653.375000,313.861694,552.268066,10.000000
100000.000000,175099.312500,233259.484375,401.870422,537.549438,10.000000
100000.000000,198661.515625,335038.968750,455.667145,774.017578,10.000000
100000.000000,105950.000000,135353.968750,243.376129,311.852875,10.000000
100000.000000,136932.625000,222662.000000,314.416046,513.031311,10.000000
100000.000000,128077.296875,190748.578125,294.079834,439.417419,10.000000
100000.000000,-12239528.000000,571466.562500,-28105.726562,1311.012085,10.000000
100000.000000,-1367128.000000,-434576.750000,-3140.466309,-999.138062,10.000000
100000.000000,358049.812500,2894942.500000,821.112549,6646.277832,10.000000
100000.000000,28767846.000000,50633212.000000,66056.062500,116262.015625,10.000000
100000.000000,9408.682617,138006.093750,20.930058,316.715729,10.000000
100000.000000,-70310.726562,-64123.468750,-162.144333,-147.712173,10.000000
100000.000000,-14161.293945,-25737.802734,-33.244522,-59.597790,10.000000
100000.000000,-126775.289062,-110699.000000,-291.702881,-254.602219,10.000000
100000.000000,-3158.974609,31051.207031,-7.997147,70.858704,10.000000
100000.000000,-7305.338379,246490.906250,-17.075520,566.165344,10.000000
100000.000000,-47018.222656,-37460.632812,-108.686028,-86.501167,10.000000
100000.000000,-41321.859375,70483.414062,-95.660027,161.474243,10.000000
100000.000000,-107788.406250,-111556.906250,-248.130920,-256.582611,10.000000
100000.000000,77469.062500,125935.468750,177.208115,289.056915,10.000000
100000.000000,-78528.148438,26051.509766,-181.074936,59.408485,10.000000
100000.000000,-56011.273438,43232.117188,-129.385666,98.863930,10.000000
100000.000000,-99343.898438,-119154.218750,-228.746292,-274.026489,10.000000
100000.000000,63823.457031,368356.500000,148.309555,847.831482,10.000000
100000.000000,-8354.183594,131636.718750,-19.881945,302.042542,10.000000
100000.000000,-46212.242188,53145.859375,-106.885902,121.635178,10.000000
100000.000000,-2028.895386,42084.386719,-5.400729,96.209091,10.000000
100000.000000,-152584.265625,-93593.851562,-350.928619,-215.319794,10.000000
100000.000000,-51506.484375,-856.961975,-119.012779,-2.427341,10.000000
100000.000000,148.117279,138281.781250,-0.333932,317.332764,10.000000
100000.000000,40089.812500,92283.187500,91.351921,211.610641,10.000000
100000.000000,58661.218750,169717.890625,134.121597,389.782074,10.000000
100000.000000,-30196.691406,158453.953125,-70.038521,363.651123,10.000000
100000.000000,-36774.335938,153353.203125,-85.171333,351.915070,10.000000
100000.000000,-37220.101562,128606.960938,-86.223747,295.040741,10.000000
100000.000000,-171746.953125,-161095.078125,-394.858612,-370.252441,10.000000
100000.000000,-35616.824219,128092.984375,-82.535530,293.860901,10.000000
100000.000000,26916.449219,73449.742188,61.088875,168.300125,10.000000
100000.000000,-141732.406250,-86986.476562,-326.036072,-200.157471,10.000000
100000.000000,-20062.908203,67134.218750,-46.819458,153.771118,10.000000
100000.000000,53842.246094,69182.429688,122.926323,158.499573,10.000000
100000.000000,-29231.925781,189248.984375,-67.738564,434.434662,10.000000
100000.000000,-16336.273438,169063.359375,-38.148197,388.064362,10.000000
100000.000000,-61880.597656,-18431.623047,-142.821503,-42.791004,10.000000
100000.000000,-6225.062500,118646.468750,-15.000461,272.173370,10.000000
100000.000000,32210.380859,33174.789062,73.243942,75.728760,10.000000
100000.000000,-12902.835938,229609.468750,-30.025530,527.293640,10.000000
100000.000000,-37750.531250,79931.601562,-87.453888,183.174210,10.000000
100000.000000,11188.293945,22193.416016,24.962315,50.496532,10.000000
100000.000000,-71242.289062,-86592.320312,-164.266998,-199.298920,10.000000
100000.000000,-30612.314453,127810.039062,-71.029930,293.208649,10.000000
100000.000000,6563.337402,144244.062500,14.419843,331.043488,10.000000
100000.000000,-37784.660156,120123.093750,-87.522598,275.534851,10.000000
100000.000000,-93024.296875,-10652.645508,-214.320663,-24.901915,10.000000
100000.000000,-1897.464844,168257.203125,-4.963993,386.241699,10.000000
100000.000000,-151407.609375,-138557.062500,-348.206390,-318.533844,10.000000
100000.000000,52426.605469,151367.718750,119.771896,347.524384,10.000000
100000.000000,-140114.906250,-37011.386719,-322.355621,-85.407906,10.000000
100000.000000,25222.878906,375539.343750,59.476482,863.327759,10.000000
100000.000000,-60280.031250,-85550.632812,-139.102539,-196.914474,10.000000
100000.000000,-29835.980469,224045.890625,-68.979752,514.407471,10.000000
100000.000000,19378.960938,127802.945312,43.834679,293.252441,10.000000
100000.000000,-3553.825439,87957.109375,-8.885945,201.622437,10.000000
100000.000000,-103466.328125,18983.615234,-238.312836,43.184010,10.000000
100000.000000,29759.349609,220101.609375,67.969933,505.632568,10.000000
100000.000000,17264.091797,395183.125000,41.522038,908.203430,10.000000
100000.000000,48129.500000,250532.093750,110.350807,575.822510,10.000000
100000.000000,-16909.474609,-18856.261719,-39.555161,-43.799732,10.000000
100000.000000,-207188.609375,-207192.609375,-476.154205,-476.022644,10.000000
100000.000000,-15772.083984,189775.421875,-36.780170,435.667603,10.000000
100000.000000,-69121.765625,-48561.070312,-159.426529,-111.983635,10.000000
100000.000000,-78528.382812,19189.208984,-181.074432,43.630123,10.000000
100000.000000,-43207.750000,109267.750000,-99.987518,250.573822,10.000000
100000.000000,-13872.193359,33183.863281,-32.594509,75.746201,10.000000
100000.000000,-33316.339844,230474.828125,-76.943657,529.155518,10.000000
100000.000000,65405.191406,224010.546875,149.840118,514.820801,10.000000
100000.000000,-35503.148438,63049.492188,-82.287132,144.367661,10.000000
100000.000000,-5428.236816,-15957.101562,-13.186098,-37.146214,10.000000
100000.000000,-101370.671875,-70728.257812,-233.433777,-162.859772,10.000000
100000.000000,-19499.187500,46093.617188,-45.520580,105.407059,10.000000
100000.000000,-59811.746094,125181.468750,-138.166824,287.132721,10.000000
100000.000000,-78688.515625,86894.625000,-181.533844,199.190689,10.000000
100000.000000,-55253.500000,34353.875000,-127.640732,78.446136,10.000000
100000.000000,-113729.351562,-150849.937500,-261.745667,-346.767212,10.000000
100000.000000,-98380.765625,31782.140625,-226.657974,72.578918,10.000000
100000.000000,-2399.049561,184805.265625,-6.051130,424.277435,10.000000
100000.000000,6938.083008,41218.003906,15.207533,94.202980,10.000000
100000.000000,20762.435547,136699.296875,47.037449,313.703003,10.000000
100000.000000,-70376.148438,93965.718750,-162.436539,215.419525,10.000000
100000.000000,-158792.796875,-132007.140625,-365.158234,-303.497009,10.000000
100000.000000,-38909.218750,112225.234375,-90.099106,257.364624,10.000000
100000.000000,15238.178711,153967.390625,34.386509,353.403320,10.000000
100000.000000,-84750.023438,-93775.531250,-195.269485,-215.782822,10.000000
100000.000000,-39537.257812,-46355.707031,-91.500053,-106.938660,10.000000
100000.000000,-44358.914062,62655.523438,-102.624550,143.462540,10.000000
100000.000000,-73693.867188,88600.687500,-170.050476,203.095154,10.000000
100000.000000,-64710.226562,32200.640625,-149.354141,73.504684,10.000000
100000.000000,-14999.381836,222045.718750,-34.850857,509.860504,10.000000
100000.000000,-177537.484375,-146344.578125,-408.156677,-336.393250,10.000000
100000.000000,-111677.242188,-2526.176758,-257.137817,-6.226392,10.000000
100000.000000,-175230.578125,-97594.390625,-402.884827,-224.493912,10.000000
100000.000000,-140123.234375,-33524.203125,-322.378784,-77.401497,10.000000
100000.000000,-65334.343750,107902.875000,-150.842697,247.429062,10.000000
100000.000000,-43271.484375,104967.593750,-100.118172,240.682419,10.000000
100000.000000,-16638.490234,159250.046875,-38.831261,365.473877,10.000000
100000.000000,-37922.988281,207554.578125,-87.612534,476.441223,10.000000
