Mass,x_pos,y_pos,x_vel,y_vel,radius
917 
100000.000000,264394.093750,290492.843750,575.979797,636.299561,10.000000
100000.000000,348087.906250,362839.625000,756.719238,794.056458,10.000000
100000.000000,-494268.906250,41435.035156,-1083.838501,86.375244,10.000000
100000.000000,190637.093750,518599.843750,386.687408,1057.551880,10.000000
100000.000000,140303.265625,427312.781250,302.713074,925.609924,10.000000
100000.000000,226639.750000,474697.750000,540.526123,956.942871,10.000000
100000.000000,230052.187500,253353.921875,501.539581,554.791687,10.000000
100000.000000,96369.859375,37647.371094,208.527847,77.615166,10.000000
100000.000000,602012.875000,451084.687500,1311.009033,983.538025,10.000000
100000.000000,239267.546875,266907.093750,521.502563,584.534668,10.000000
100000.000000,-288026.312500,937810.500000,-632.477051,2047.487793,10.000000
100000.000000,-302639.187500,230386.937500,-670.474426,496.549042,10.000000
100000.000000,230810.390625,392907.218750,502.038116,863.844482,10.000000
100000.000000,110876.570312,419458.968750,239.074875,911.525879,10.000000
100000.000000,157818.515625,190156.234375,344.391449,416.247131,10.000000
100000.000000,-159731.281250,309466.781250,-355.317627,670.677002,10.000000
100000.000000,165088.937500,193566.000000,360.222565,423.704163,10.000000
100000.000000,265850.406250,435675.093750,574.781738,958.228516,10.000000
100000.000000,887643.437500,764967.062500,1934.877808,1667.601562,10.000000
100000.000000,264808.718750,409831.187500,586.453247,877.437866,10.000000
100000.000000,2550840.250000,2662295.250000,5562.693848,5805.766602,10.000000
100000.000000,2898765.000000,2448610.500000,6321.525391,5339.733398,10.000000
100000.000000,2916448.250000,2512052.750000,6360.082031,5478.114746,10.000000
100000.000000,1087335.625000,962615.750000,2370.544189,2098.638184,10.000000
100000.000000,196210.609375,439568.531250,428.144379,941.917664,10.000000
100000.000000,-173663.140625,827024.437500,-402.587067,1821.029297,10.000000
100000.000000,227585.171875,336372.906250,495.692078,737.657532,10.000000
100000.000000,491149.187500,584311.375000,1067.975464,1273.183350,10.000000
100000.000000,263076.250000,429628.937500,569.206604,944.799011,10.000000
100000.000000,207597.625000,540488.062500,539.593750,1297.642944,10.000000
100000.000000,255437.906250,370367.593750,555.364075,812.737305,10.000000
100000.000000,378902.312500,-188781.125000,827.376587,-420.818237,10.000000
100000.000000,56373.011719,427162.875000,122.098595,930.491333,10.000000
100000.000000,-119585.234375,246616.328125,-282.473511,519.279236,10.000000
100000.000000,214385.500000,234836.812500,467.346619,514.009827,10.000000
100000.000000,-113591.218750,446844.156250,-268.923370,968.620361,10.000000
100000.000000,-58945.519531,565109.562500,-145.226196,1233.706543,10.000000
100000.000000,219333.375000,344235.750000,477.783844,755.098816,10.000000
100000.000000,111471.835938,404013.000000,238.161697,874.228027,10.000000
100000.000000,255074.062500,398607.218750,553.721497,875.690613,10.000000
100000.000000,-14887.659180,1153074.625000,-42.751217,2539.887451,10.000000
100000.000000,52576.648438,1085964.250000,112.097115,2372.601807,10.000000
100000.000000,200349.078125,274328.250000,436.763306,600.756409,10.000000
100000.000000,231745.984375,479668.250000,494.866486,1064.297607,10.000000
100000.000000,214084.640625,384445.250000,466.227356,844.834717,10.000000
100000.000000,135421.078125,189493.750000,295.428223,414.666809,10.000000
100000.000000,172033.625000,238977.375000,375.175903,523.094727,10.000000
100000.000000,134842.484375,209160.875000,294.158417,457.725830,10.000000
100000.000000,124247.500000,170049.515625,271.086670,372.122467,10.000000
100000.000000,195602.515625,222339.796875,426.464264,486.584290,10.000000
100000.000000,135658.796875,174567.375000,295.960327,381.988220,10.000000
100000.000000,3238799.750000,2773894.750000,7062.888672,6049.032227,10.000000
100000.000000,233850.093750,199233.109375,509.692413,435.832184,10.000000
100000.000000,192344.859375,162884.484375,419.437134,356.287628,10.000000
100000.000000,222509.531250,373210.437500,484.376587,819.524902,10.000000
100000.000000,148915.734375,514936.531250,348.185059,1126.643921,10.000000
100000.000000,232360.703125,431639.843750,503.652039,951.511230,10.000000
100000.000000,171101.812500,289557.875000,373.198547,634.171265,10.000000
100000.000000,192127.093750,239905.890625,418.858124,525.084106,10.000000
100000.000000,165063.750000,250533.421875,359.982208,548.396912,10.000000
100000.000000,146945.218750,185176.578125,320.515198,405.159393,10.000000
100000.000000,191657.578125,195101.640625,417.872345,426.843079,10.000000
100000.000000,175100.609375,288216.906250,381.875214,631.222168,10.000000
100000.000000,132006.171875,206218.531250,287.940430,451.231598,10.000000
100000.000000,143764.015625,145948.890625,313.647552,319.299988,10.000000
100000.000000,192185.234375,161175.437500,419.078003,352.530396,10.000000
100000.000000,-201681.031250,147295.328125,-442.533875,318.818207,10.000000
100000.000000,-3708.837646,706028.187500,-9.145062,1538.347900,10.000000
100000.000000,165513.765625,300387.281250,361.088623,657.968384,10.000000
100000.000000,140205.171875,248396.000000,305.850342,543.641357,10.000000
100000.000000,249669.265625,220859.109375,543.999939,483.166199,10.000000
100000.000000,208788.500000,228231.578125,455.079865,499.429932,10.000000
100000.000000,123987.476562,199627.656250,270.447906,436.786407,10.000000
100000.000000,140921.890625,209928.156250,307.360107,459.338287,10.000000
100000.000000,127042.070312,449905.843750,282.129181,985.451782,10.000000
100000.000000,142419.109375,170109.140625,310.649719,372.160858,10.000000
100000.000000,237701.359375,302750.343750,517.670227,663.151428,10.000000
100000.000000,152306.234375,152331.906250,332.226501,333.231903,10.000000
100000.000000,125532.593750,160934.687500,273.852173,352.113831,10.000000
100000.000000,233163.546875,356371.562500,507.450287,781.812439,10.000000
100000.000000,127003.507812,156288.500000,277.067352,341.943512,10.000000
100000.000000,148903.218750,236614.421875,324.759155,517.804382,10.000000
100000.000000,199175.484375,274508.562500,434.133942,601.049622,10.000000
100000.000000,218777.328125,311056.531250,476.611023,681.537842,10.000000
100000.000000,177493.343750,214816.625000,386.989624,470.026031,10.000000
100000.000000,-183006.718750,-35474.929688,-406.747681,-87.552177,10.000000
100000.000000,175563.203125,220581.171875,382.781555,482.658234,10.000000
100000.000000,175909.734375,271383.437500,383.566498,594.151245,10.000000
100000.000000,196526.765625,528051.187500,215.188049,697.928833,10.000000
100000.000000,127480.265625,169672.500000,278.068756,371.209442,10.000000
100000.000000,203719.390625,169333.281250,444.117798,370.341064,10.000000
100000.000000,107758.453125,141773.171875,235.118088,310.233856,10.000000
100000.000000,143892.312500,252355.843750,313.865906,552.291504,10.000000
100000.000000,184342.437500,245623.421875,401.871826,537.572998,10.000000
100000.000000,209141.609375,352842.125000,455.662933,774.078674,10.000000
100000.000000,111547.625000,142526.718750,243.378937,311.864685,10.000000
100000.000000,144163.968750,234461.921875,314.420258,513.052124,10.000000
100000.000000,134841.296875,200855.468750,294.082642,439.434113,10.000000
100000.000000,-12885966.000000,601619.562500,-28105.726562,1311.012085,10.000000
100000.000000,-1439359.500000,-457556.625000,-3140.466309,-999.138062,10.000000
100000.000000,376935.687500,3047812.000000,821.112549,6646.277832,10.000000
100000.000000,30287134.000000,53307284.000000,66056.062500,116262.015625,10.000000
100000.000000,9890.126953,145290.625000,20.934622,316.725159,10.000000
100000.000000,-74039.960938,-67520.718750,-162.142303,-147.708054,10.000000
100000.000000,-14925.895508,-27108.494141,-33.242622,-59.592796,10.000000
100000.000000,-133484.328125,-116554.718750,-291.701477,-254.598969,10.000000
100000.000000,-3342.879150,32681.025391,-7.994668,70.864838,10.000000
100000.000000,-7697.955566,259512.890625,-17.065493,566.179077,10.000000
100000.000000,-49518.035156,-39450.132812,-108.684036,-86.496658,10.000000
100000.000000,-43521.953125,74197.429688,-95.656677,161.480560,10.000000
100000.000000,-113495.281250,-117458.203125,-248.129517,-256.579803,10.000000
100000.000000,81544.765625,132583.906250,177.211166,289.067627,10.000000
100000.000000,-82692.945312,27417.970703,-181.072128,59.413498,10.000000
100000.000000,-58987.078125,45506.062500,-129.382858,98.869514,10.000000
100000.000000,-104605.148438,-125456.937500,-228.744888,-274.023682,10.000000
100000.000000,67235.000000,387857.187500,148.344543,847.869385,10.000000
100000.000000,-8811.413086,138583.796875,-19.877405,302.050964,10.000000
100000.000000,-48670.546875,55943.550781,-106.882820,121.641083,10.000000
100000.000000,-2153.080811,44297.257812,-5.398103,96.215477,10.000000
100000.000000,-160655.828125,-98546.039062,-350.927216,-215.316650,10.000000
100000.000000,-54243.738281,-912.731384,-119.010384,-2.422366,10.000000
100000.000000,140.492554,145580.687500,-0.329268,317.341797,10.000000
100000.000000,42190.898438,97150.289062,91.354973,211.619156,10.000000
100000.000000,61746.093750,178682.859375,134.126511,389.794678,10.000000
100000.000000,-31807.517578,166818.046875,-70.033020,363.659637,10.000000
100000.000000,-38733.218750,161447.187500,-85.165939,351.923492,10.000000
100000.000000,-39203.171875,135392.984375,-86.219086,295.048431,10.000000
100000.000000,-180828.359375,-169610.828125,-394.857208,-370.249634,10.000000
100000.000000,-37515.054688,134851.953125,-82.530891,293.868652,10.000000
100000.000000,28321.515625,77320.718750,61.091740,168.307739,10.000000
100000.000000,-149231.125000,-91590.070312,-326.034668,-200.154068,10.000000
100000.000000,-21139.714844,70671.070312,-46.816296,153.777756,10.000000
100000.000000,56669.628906,72827.929688,122.928780,158.507538,10.000000
100000.000000,-30789.833984,199241.046875,-67.731850,434.444489,10.000000
100000.000000,-17213.617188,177988.796875,-38.142349,388.074127,10.000000
100000.000000,-65165.464844,-19415.755859,-142.819397,-42.786385,10.000000
100000.000000,-6570.022949,124906.515625,-14.996292,272.181793,10.000000
100000.000000,33894.976562,34916.636719,73.246094,75.735405,10.000000
100000.000000,-13593.318359,241737.468750,-30.016687,527.304932,10.000000
100000.000000,-39761.953125,84144.625000,-87.450371,183.180786,10.000000
100000.000000,11762.455078,23354.908203,24.964565,50.502663,10.000000
100000.000000,-75020.398438,-91176.148438,-164.265594,-199.295212,10.000000
100000.000000,-32245.951172,134553.968750,-71.025337,293.216614,10.000000
100000.000000,6895.050781,151858.265625,14.424628,331.053131,10.000000
100000.000000,-39797.640625,126460.476562,-87.518196,275.542145,10.000000
100000.000000,-97953.523438,-11225.338867,-214.318375,-24.897530,10.000000
100000.000000,-2011.568359,177140.953125,-4.958277,386.251648,10.000000
100000.000000,-159416.640625,-145883.281250,-348.204987,-318.531036,10.000000
100000.000000,55181.394531,159360.937500,119.776245,347.535614,10.000000
100000.000000,-147528.812500,-38975.730469,-322.352814,-85.404236,10.000000
100000.000000,26591.218750,395396.062500,59.508335,863.352722,10.000000
100000.000000,-63479.367188,-90079.507812,-139.101135,-196.910599,10.000000
100000.000000,-31422.416016,235877.234375,-68.971313,514.418701,10.000000
100000.000000,20387.208984,134547.703125,43.838837,293.261749,10.000000
100000.000000,-3758.161377,92594.484375,-8.882511,201.629883,10.000000
100000.000000,-108947.515625,19976.900391,-238.310028,43.188606,10.000000
100000.000000,31322.751953,231731.312500,67.977921,505.646881,10.000000
100000.000000,18219.529297,416071.906250,41.557896,908.225891,10.000000
100000.000000,50667.687500,263776.218750,110.360809,575.840515,10.000000
100000.000000,-17819.232422,-19863.597656,-39.553169,-43.794655,10.000000
100000.000000,-218140.203125,-218141.328125,-476.152802,-476.019836,10.000000
100000.000000,-16617.941406,199795.968750,-36.773468,435.677856,10.000000
100000.000000,-72788.468750,-51136.664062,-159.424423,-111.979446,10.000000
100000.000000,-82693.179688,20192.757812,-181.071625,43.635040,10.000000
100000.000000,-45507.390625,115031.046875,-99.983376,250.580933,10.000000
100000.000000,-14621.833984,34926.113281,-32.591938,75.752235,10.000000
100000.000000,-35085.945312,242645.421875,-76.934868,529.166748,10.000000
100000.000000,68851.593750,235851.656250,149.847534,514.837646,10.000000
100000.000000,-37395.726562,66370.015625,-82.283951,144.373978,10.000000
100000.000000,-5731.493652,-16811.400391,-13.184151,-37.140980,10.000000
100000.000000,-106739.734375,-74474.023438,-233.431671,-162.856201,10.000000
100000.000000,-20546.136719,48518.054688,-45.517765,105.413246,10.000000
100000.000000,-62989.519531,131785.671875,-138.162201,287.139740,10.000000
100000.000000,-82863.734375,91476.023438,-181.530121,199.196594,10.000000
100000.000000,-58189.234375,36158.199219,-127.637924,78.451584,10.000000
100000.000000,-119749.601562,-158825.578125,-261.744263,-346.764404,10.000000
100000.000000,-103593.859375,33451.539062,-226.655167,72.583710,10.000000
100000.000000,-2538.149170,194563.734375,-6.044721,424.288208,10.000000
100000.000000,7287.887695,43384.746094,15.210072,94.209465,10.000000
100000.000000,21844.351562,143914.828125,47.041836,313.712830,10.000000
100000.000000,-74112.210938,98920.421875,-162.432587,215.425751,10.000000
100000.000000,-167191.390625,-138987.640625,-365.156830,-303.494202,10.000000
100000.000000,-40981.433594,118144.734375,-90.094887,257.371643,10.000000
100000.000000,16029.125977,162095.734375,34.391525,353.413330,10.000000
100000.000000,-89241.132812,-98738.500000,-195.268082,-215.779312,10.000000
100000.000000,-41641.757812,-48815.269531,-91.498268,-106.934204,10.000000
100000.000000,-46719.289062,65955.242188,-102.621330,143.468674,10.000000
100000.000000,-77604.945312,93271.843750,-170.046707,203.101196,10.000000
100000.000000,-68145.414062,33891.300781,-149.351334,73.509979,10.000000
100000.000000,-15800.851562,233772.843750,-34.842480,509.872040,10.000000
100000.000000,-186925.078125,-154081.875000,-408.155273,-336.390442,10.000000
100000.000000,-117591.476562,-2669.332520,-257.135010,-6.222124,10.000000
100000.000000,-184496.703125,-102757.750000,-402.883423,-224.491104,10.000000
100000.000000,-147537.859375,-35304.367188,-322.375977,-77.397804,10.000000
100000.000000,-68803.750000,113593.906250,-150.838486,247.435608,10.000000
100000.000000,-45574.179688,110503.406250,-100.114113,240.689423,10.000000
100000.000000,-17531.546875,167655.828125,-38.825775,365.483124,10.000000
100000.000000,-39937.988281,218512.640625,-87.604996,476.451050,10.000000
