Mass,x_pos,y_pos,x_vel,y_vel,radius
980 
100000.000000,282538.000000,310536.687500,575.968262,636.335876,10.000000
100000.000000,371923.562500,387852.593750,756.688110,794.090149,10.000000
100000.000000,-528409.250000,44155.847656,-1083.838501,86.377167,10.000000
100000.000000,202961.796875,552136.000000,394.977142,1070.561035,10.000000
100000.000000,149840.062500,456471.968750,302.797485,925.760315,10.000000
100000.000000,243661.546875,504850.062500,540.236511,957.459595,10.000000
100000.000000,245850.421875,270830.343750,501.535736,554.821533,10.000000
100000.000000,102938.593750,40092.402344,208.529770,77.624191,10.000000
100000.000000,643309.375000,482066.906250,1310.993652,983.541870,10.000000
100000.000000,255694.796875,285320.812500,521.498718,584.567139,10.000000
100000.000000,-307950.062500,1002306.750000,-632.473206,2047.486450,10.000000
100000.000000,-323759.687500,246028.656250,-670.468323,496.552887,10.000000
100000.000000,246624.125000,420120.250000,502.009125,863.959778,10.000000
100000.000000,118408.640625,448173.687500,239.149384,911.619934,10.000000
100000.000000,168667.312500,203268.187500,344.393372,416.266998,10.000000
100000.000000,-170923.625000,330593.437500,-355.306213,670.684692,10.000000
100000.000000,176435.828125,206913.140625,360.224487,423.724426,10.000000
100000.000000,283954.218750,465861.625000,574.677612,958.367615,10.000000
100000.000000,948592.000000,817497.250000,1934.870483,1667.601562,10.000000
100000.000000,283281.000000,437472.187500,586.391785,877.544800,10.000000
100000.000000,2726059.000000,2845184.250000,5562.693848,5805.766602,10.000000
100000.000000,3097892.250000,2616804.750000,6321.525391,5339.733398,10.000000
100000.000000,3116788.250000,2684609.750000,6360.082031,5478.114746,10.000000
100000.000000,1162006.375000,1028722.437500,2370.544189,2098.638184,10.000000
100000.000000,209697.531250,469243.718750,428.146301,942.210083,10.000000
100000.000000,-186344.843750,884385.937500,-402.579376,1821.021606,10.000000
100000.000000,243199.328125,359610.062500,495.682465,737.717896,10.000000
100000.000000,524789.812500,624414.812500,1067.952393,1273.175659,10.000000
100000.000000,281004.718750,459392.375000,569.115112,944.935120,10.000000
100000.000000,224517.359375,581272.750000,535.193237,1292.438232,10.000000
100000.000000,272931.375000,395970.093750,555.335754,812.813782,10.000000
100000.000000,404964.625000,-202036.718750,827.376587,-420.814392,10.000000
100000.000000,60220.136719,456473.875000,122.161049,930.535950,10.000000
100000.000000,-128483.000000,262973.750000,-282.463898,519.286926,10.000000
100000.000000,229106.828125,251028.593750,467.344696,514.036682,10.000000
100000.000000,-122061.960938,477355.843750,-268.901642,968.625488,10.000000
100000.000000,-63519.597656,603972.687500,-145.192154,1233.698853,10.000000
100000.000000,234383.484375,368022.500000,477.776093,755.165344,10.000000
100000.000000,118974.882812,431552.625000,238.219147,874.311462,10.000000
100000.000000,272515.593750,426193.125000,553.674377,875.795166,10.000000
100000.000000,-16234.291992,1233084.625000,-42.749523,2539.887451,10.000000
100000.000000,56107.781250,1160698.000000,112.098907,2372.601807,10.000000
100000.000000,214106.703125,293252.531250,436.763306,600.792297,10.000000
100000.000000,247328.062500,513202.250000,494.484467,1064.828125,10.000000
100000.000000,228770.531250,411059.406250,466.214203,844.944031,10.000000
100000.000000,144727.359375,202556.171875,295.432068,414.685913,10.000000
100000.000000,183852.031250,255455.296875,375.177826,523.121887,10.000000
100000.000000,144108.406250,223579.640625,294.162262,457.747345,10.000000
100000.000000,132786.953125,181771.453125,271.090515,372.139282,10.000000
100000.000000,209036.281250,237667.500000,426.464264,486.608856,10.000000
100000.000000,144981.812500,186600.375000,295.964020,382.005951,10.000000
100000.000000,3461284.250000,2964438.250000,7062.888672,6049.032227,10.000000
100000.000000,249905.250000,212962.187500,509.690491,435.852966,10.000000
100000.000000,205557.140625,174107.812500,419.437134,356.304871,10.000000
100000.000000,237767.343750,399027.062500,484.361359,819.617188,10.000000
100000.000000,159898.343750,550429.937500,349.092621,1126.893555,10.000000
100000.000000,248224.546875,461615.750000,503.576691,951.716492,10.000000
100000.000000,182857.218750,309534.781250,373.202393,634.211182,10.000000
100000.000000,205320.671875,256446.437500,418.858124,525.111755,10.000000
100000.000000,176403.203125,267808.531250,359.986053,548.426147,10.000000
100000.000000,157041.843750,197939.359375,320.517456,405.178253,10.000000
100000.000000,204820.640625,208547.453125,417.872345,426.863678,10.000000
100000.000000,187129.671875,308101.281250,381.879059,631.261902,10.000000
100000.000000,141076.203125,220432.796875,287.944275,451.252441,10.000000
100000.000000,153644.187500,156007.234375,313.649475,319.315308,10.000000
100000.000000,205385.703125,172280.218750,419.078003,352.547363,10.000000
100000.000000,-215620.765625,157337.921875,-442.528107,318.823975,10.000000
100000.000000,-3996.514893,754487.000000,-9.121109,1538.324829,10.000000
100000.000000,176888.218750,321114.281250,361.094391,658.011841,10.000000
100000.000000,149839.250000,265521.375000,305.856110,543.669006,10.000000
100000.000000,266805.250000,236079.296875,543.996094,483.189606,10.000000
100000.000000,223123.953125,243963.968750,455.078217,499.455536,10.000000
100000.000000,132506.671875,213386.765625,270.451752,436.806335,10.000000
100000.000000,150604.203125,224397.531250,307.363953,459.360107,10.000000
100000.000000,135931.421875,480950.125000,282.268707,985.607971,10.000000
100000.000000,152204.781250,181832.437500,310.651642,372.178284,10.000000
100000.000000,254007.531250,323640.562500,517.662537,663.194946,10.000000
100000.000000,162771.125000,162829.140625,332.228424,333.247894,10.000000
100000.000000,134158.984375,172026.625000,273.856018,352.129974,10.000000
100000.000000,249147.828125,380999.843750,507.434814,781.885498,10.000000
100000.000000,135730.984375,167059.937500,277.070648,341.959351,10.000000
100000.000000,159132.843750,252925.625000,324.763000,517.830505,10.000000
100000.000000,212850.421875,293442.031250,434.133942,601.085510,10.000000
100000.000000,233790.312500,332525.750000,476.606140,681.585938,10.000000
100000.000000,189683.843750,229622.734375,386.991547,470.049408,10.000000
100000.000000,-195819.343750,-38232.734375,-406.745331,-87.548058,10.000000
100000.000000,187620.812500,235785.296875,382.783478,482.682312,10.000000
100000.000000,187991.953125,290100.093750,383.569122,594.185852,10.000000
100000.000000,209700.671875,564192.125000,399.781342,910.451233,10.000000
100000.000000,136239.234375,181365.890625,278.072601,371.226288,10.000000
100000.000000,217709.328125,180999.109375,444.117798,370.359009,10.000000
100000.000000,115164.890625,151546.015625,235.121292,310.248108,10.000000
100000.000000,153779.375000,269753.500000,313.871674,552.320129,10.000000
100000.000000,197001.500000,262557.500000,401.873749,537.601746,10.000000
100000.000000,223494.781250,377226.687500,455.657166,774.153015,10.000000
100000.000000,119213.937500,152350.781250,243.381912,311.879059,10.000000
100000.000000,154068.406250,250623.390625,314.424347,513.077576,10.000000
100000.000000,144105.250000,214697.828125,294.086487,439.454407,10.000000
100000.000000,-13771305.000000,642916.062500,-28105.726562,1311.012085,10.000000
100000.000000,-1538285.250000,-489029.062500,-3140.466309,-999.138062,10.000000
100000.000000,402801.125000,3257176.750000,821.112549,6646.277832,10.000000
100000.000000,32367898.000000,56969600.000000,66056.062500,116262.015625,10.000000
100000.000000,10549.659180,155267.468750,20.940176,316.736694,10.000000
100000.000000,-79147.390625,-72173.367188,-162.140381,-147.703247,10.000000
100000.000000,-15972.999023,-28985.566406,-33.240311,-59.586716,10.000000
100000.000000,-142672.484375,-124574.421875,-291.699554,-254.595123,10.000000
100000.000000,-3594.661865,34913.378906,-7.991652,70.872314,10.000000
100000.000000,-8235.320312,277347.781250,-17.053291,566.194458,10.000000
100000.000000,-52941.488281,-42174.660156,-108.681633,-86.491150,10.000000
100000.000000,-46535.125000,79284.187500,-95.652603,161.488297,10.000000
100000.000000,-121311.218750,-125540.414062,-248.127594,-256.575958,10.000000
100000.000000,87127.156250,141689.593750,177.215012,289.080688,10.000000
100000.000000,-88396.640625,29289.589844,-181.068680,59.419601,10.000000
100000.000000,-63062.636719,48620.574219,-129.379013,98.876328,10.000000
100000.000000,-111810.773438,-134088.625000,-228.742966,-274.019836,10.000000
100000.000000,71908.546875,414565.687500,148.387207,847.915588,10.000000
100000.000000,-9437.461914,148098.765625,-19.871878,302.061371,10.000000
100000.000000,-52037.355469,59775.363281,-106.879082,121.648277,10.000000
100000.000000,-2323.068848,47328.171875,-5.394908,96.223236,10.000000
100000.000000,-171710.359375,-105328.382812,-350.925293,-215.312805,10.000000
100000.000000,-57992.484375,-988.936951,-119.007500,-2.416312,10.000000
100000.000000,130.213409,155577.015625,-0.323589,317.352997,10.000000
100000.000000,45068.687500,103816.476562,91.358673,211.629395,10.000000
100000.000000,65971.156250,190961.828125,134.132339,389.809906,10.000000
100000.000000,-34013.457031,178273.218750,-70.026299,363.670258,10.000000
100000.000000,-41415.855469,172533.218750,-85.159424,351.933502,10.000000
100000.000000,-41918.996094,144687.453125,-86.213486,295.058044,10.000000
100000.000000,-193265.937500,-181273.703125,-394.855286,-370.245789,10.000000
100000.000000,-40114.691406,144109.015625,-82.525314,293.878265,10.000000
100000.000000,30245.968750,82622.562500,61.095219,168.316986,10.000000
100000.000000,-159501.109375,-97894.992188,-326.032745,-200.150223,10.000000
100000.000000,-22614.365234,75515.179688,-46.812447,153.785843,10.000000
100000.000000,60541.914062,77821.164062,122.931732,158.517258,10.000000
100000.000000,-32923.261719,212926.093750,-67.723686,434.456146,10.000000
100000.000000,-18414.984375,190213.421875,-38.135235,388.085663,10.000000
100000.000000,-69664.078125,-20763.431641,-142.816513,-42.780758,10.000000
100000.000000,-7042.323242,133480.421875,-14.991219,272.191620,10.000000
100000.000000,36202.351562,37302.433594,73.248772,75.743500,10.000000
100000.000000,-14538.666992,258347.812500,-30.005924,527.320312,10.000000
100000.000000,-42516.542969,89915.031250,-87.446129,183.188812,10.000000
100000.000000,12548.882812,24945.863281,24.967302,50.510128,10.000000
100000.000000,-80194.765625,-97454.000000,-164.263672,-199.290436,10.000000
100000.000000,-34483.191406,143790.359375,-71.019783,293.226227,10.000000
100000.000000,7349.522461,162286.734375,14.430456,331.064667,10.000000
100000.000000,-42554.382812,135140.437500,-87.512794,275.551544,10.000000
100000.000000,-104704.367188,-12009.521484,-214.315491,-24.892191,10.000000
100000.000000,-2167.640625,189307.828125,-4.951320,386.263885,10.000000
100000.000000,-170385.500000,-155917.015625,-348.203064,-318.527191,10.000000
100000.000000,58954.457031,170308.359375,119.781532,347.549316,10.000000
100000.000000,-157682.640625,-41665.878906,-322.350830,-85.399757,10.000000
100000.000000,28466.363281,422592.375000,59.547138,863.382996,10.000000
100000.000000,-67860.937500,-96282.054688,-139.099213,-196.905792,10.000000
100000.000000,-33594.820312,252081.812500,-68.961044,514.431519,10.000000
100000.000000,21768.216797,143785.734375,43.843884,293.273254,10.000000
100000.000000,-4037.892090,98946.015625,-8.878330,201.638962,10.000000
100000.000000,-116454.359375,21337.435547,-238.306656,43.194206,10.000000
100000.000000,33464.199219,247659.484375,67.987617,505.664368,10.000000
100000.000000,19529.318359,444681.781250,41.601574,908.253296,10.000000
100000.000000,54144.250000,281916.031250,110.372993,575.862793,10.000000
100000.000000,-19065.101562,-21243.023438,-39.550735,-43.788483,10.000000
100000.000000,-233139.125000,-233136.312500,-476.150879,-476.017609,10.000000
100000.000000,-17776.171875,213520.125000,-36.765308,435.690399,10.000000
100000.000000,-77810.257812,-54663.925781,-159.422104,-111.974365,10.000000
100000.000000,-88396.812500,21567.365234,-181.068420,43.641026,10.000000
100000.000000,-48656.785156,122924.476562,-99.978317,250.589584,10.000000
100000.000000,-15648.432617,37312.433594,-32.588791,75.759567,10.000000
100000.000000,-37509.210938,259314.500000,-76.924164,529.179565,10.000000
100000.000000,73571.960938,252069.234375,149.856598,514.858093,10.000000
100000.000000,-39987.585938,70917.828125,-82.280052,144.381607,10.000000
100000.000000,-6146.754395,-17981.244141,-13.181781,-37.134609,10.000000
100000.000000,-114093.007812,-79604.093750,-233.429672,-162.851578,10.000000
100000.000000,-21979.884766,51838.695312,-45.514339,105.420799,10.000000
100000.000000,-67341.531250,140831.015625,-138.156494,287.148224,10.000000
100000.000000,-88581.968750,97750.921875,-181.525330,199.203781,10.000000
100000.000000,-62209.750000,38629.523438,-127.634483,78.458221,10.000000
100000.000000,-127994.726562,-169748.203125,-261.742340,-346.760559,10.000000
100000.000000,-110733.531250,35737.996094,-226.651398,72.589600,10.000000
100000.000000,-2728.430176,207928.953125,-6.036920,424.301331,10.000000
100000.000000,7767.055176,46352.472656,15.213161,94.217361,10.000000
100000.000000,23326.259766,153796.968750,47.047176,313.724396,10.000000
100000.000000,-79228.796875,105706.453125,-162.427780,215.433289,10.000000
100000.000000,-178693.812500,-148547.890625,-365.154907,-303.490356,10.000000
100000.000000,-43819.382812,126252.046875,-90.089783,257.380615,10.000000
100000.000000,17112.558594,173228.359375,34.397629,353.425659,10.000000
100000.000000,-95392.000000,-105535.609375,-195.266159,-215.774857,10.000000
100000.000000,-44523.988281,-52183.578125,-91.495956,-106.928734,10.000000
100000.000000,-49951.742188,70474.507812,-102.617393,143.476120,10.000000
100000.000000,-82961.421875,99669.773438,-170.041901,203.108536,10.000000
100000.000000,-72849.742188,36206.980469,-149.347794,73.516434,10.000000
100000.000000,-16898.222656,249833.906250,-34.832287,509.886139,10.000000
100000.000000,-199782.000000,-164677.687500,-408.153351,-336.386597,10.000000
100000.000000,-125691.195312,-2865.244385,-257.131195,-6.216928,10.000000
100000.000000,-197187.265625,-109829.007812,-402.881500,-224.487259,10.000000
100000.000000,-157692.671875,-37742.343750,-322.373779,-77.393295,10.000000
100000.000000,-73555.070312,121388.187500,-150.833450,247.443604,10.000000
100000.000000,-48727.660156,118085.226562,-100.109146,240.697891,10.000000
100000.000000,-18754.449219,179168.984375,-38.819103,365.494568,10.000000
100000.000000,-42697.382812,233521.265625,-87.595833,476.462952,10.000000
