Mass,x_pos,y_pos,x_vel,y_vel,radius
985 
100000.000000,283977.843750,312127.468750,575.967468,636.338623,10.000000
100000.000000,373815.281250,389837.750000,756.685791,794.092590,10.000000
100000.000000,-531118.937500,44371.785156,-1083.838501,86.377319,10.000000
100000.000000,203950.000000,554813.625000,395.476654,1071.381104,10.000000
100000.000000,150597.093750,458786.343750,302.803741,925.771301,10.000000
100000.000000,245012.093750,507243.781250,540.216064,957.496033,10.000000
100000.000000,247104.250000,272217.375000,501.535431,554.823669,10.000000
100000.000000,103459.921875,40286.464844,208.529922,77.624840,10.000000
100000.000000,646586.875000,484525.812500,1310.992432,983.542175,10.000000
100000.000000,256998.546875,286782.218750,521.498413,584.569580,10.000000
100000.000000,-309531.312500,1007425.500000,-632.472900,2047.486450,10.000000
100000.000000,-325435.781250,247270.062500,-670.468018,496.553192,10.000000
100000.000000,247879.125000,422280.093750,502.006989,863.968323,10.000000
100000.000000,119006.531250,450452.750000,239.154877,911.626953,10.000000
100000.000000,169528.328125,204308.890625,344.393524,416.268524,10.000000
100000.000000,-171811.906250,332270.156250,-355.305450,670.685303,10.000000
100000.000000,177336.375000,207972.437500,360.224640,423.725952,10.000000
100000.000000,285390.937500,468257.562500,574.669983,958.377991,10.000000
100000.000000,953429.187500,821666.312500,1934.870483,1667.601562,10.000000
100000.000000,284746.937500,439666.093750,586.387207,877.552734,10.000000
100000.000000,2739965.250000,2859699.250000,5562.693848,5805.766602,10.000000
100000.000000,3113696.000000,2630153.500000,6321.525391,5339.733398,10.000000
100000.000000,3132688.250000,2698304.750000,6360.082031,5478.114746,10.000000
100000.000000,1167932.625000,1033969.000000,2370.544189,2098.638184,10.000000
100000.000000,210767.921875,471599.281250,428.146454,942.231567,10.000000
100000.000000,-187351.328125,888938.437500,-402.578766,1821.020996,10.000000
100000.000000,244438.546875,361454.437500,495.681702,737.722473,10.000000
100000.000000,527459.812500,627597.625000,1067.950562,1273.175049,10.000000
100000.000000,282427.531250,461754.718750,569.108398,944.945190,10.000000
100000.000000,225854.968750,584503.437500,534.940796,1292.134644,10.000000
100000.000000,274319.656250,398002.125000,555.333618,812.819397,10.000000
100000.000000,407033.062500,-203088.750000,827.376587,-420.814087,10.000000
100000.000000,60525.546875,458800.281250,122.165657,930.539307,10.000000
100000.000000,-129189.171875,264272.031250,-282.463135,519.287537,10.000000
100000.000000,230275.187500,252313.671875,467.344543,514.038513,10.000000
100000.000000,-122734.226562,479777.406250,-268.900116,968.625793,10.000000
100000.000000,-63882.570312,607057.062500,-145.189636,1233.698242,10.000000
100000.000000,235577.937500,369910.468750,477.775482,755.170227,10.000000
100000.000000,119570.429688,433738.406250,238.223389,874.317566,10.000000
100000.000000,273899.812500,428382.656250,553.671021,875.802795,10.000000
100000.000000,-16341.166992,1239434.625000,-42.749390,2539.887451,10.000000
100000.000000,56388.035156,1166629.250000,112.099022,2372.601807,10.000000
100000.000000,215198.578125,294754.562500,436.763306,600.795044,10.000000
100000.000000,248564.234375,515864.406250,494.455872,1064.867798,10.000000
100000.000000,229936.078125,413171.750000,466.213287,844.952148,10.000000
100000.000000,145465.953125,203592.890625,295.432373,414.687286,10.000000
100000.000000,184790.000000,256763.109375,375.177979,523.124023,10.000000
100000.000000,144843.796875,224724.015625,294.162567,457.748871,10.000000
100000.000000,133464.687500,182701.765625,271.090820,372.140503,10.000000
100000.000000,210102.453125,238884.046875,426.464264,486.610687,10.000000
100000.000000,145721.734375,187555.375000,295.964172,382.007294,10.000000
100000.000000,3478941.750000,2979560.750000,7062.888672,6049.032227,10.000000
100000.000000,251179.468750,214051.796875,509.690338,435.854492,10.000000
100000.000000,206605.734375,174998.593750,419.437134,356.306091,10.000000
100000.000000,238978.281250,401076.125000,484.360291,819.623901,10.000000
100000.000000,160771.171875,553247.125000,349.160736,1126.912476,10.000000
100000.000000,249483.453125,463995.125000,503.571075,951.731750,10.000000
100000.000000,183790.187500,311120.250000,373.202698,634.214233,10.000000
100000.000000,206367.781250,257759.250000,418.858124,525.113892,10.000000
100000.000000,177303.203125,269179.625000,359.986359,548.428284,10.000000
100000.000000,157843.171875,198952.328125,320.517609,405.179626,10.000000
100000.000000,205865.328125,209614.640625,417.872345,426.865204,10.000000
100000.000000,188084.359375,309679.406250,381.879364,631.264954,10.000000
100000.000000,141796.046875,221560.921875,287.944580,451.253967,10.000000
100000.000000,154428.328125,156805.515625,313.649628,319.316376,10.000000
100000.000000,206433.359375,173161.625000,419.078003,352.548584,10.000000
100000.000000,-216727.093750,158134.953125,-442.527649,318.824432,10.000000
100000.000000,-4019.314941,758332.937500,-9.119339,1538.322998,10.000000
100000.000000,177790.953125,322759.281250,361.094849,658.014893,10.000000
100000.000000,150603.859375,266880.593750,305.856567,543.671143,10.000000
100000.000000,268165.250000,237287.265625,543.995789,483.191284,10.000000
100000.000000,224261.687500,245212.640625,455.078217,499.457367,10.000000
100000.000000,133182.765625,214478.796875,270.452057,436.807861,10.000000
100000.000000,151372.640625,225545.968750,307.364258,459.361725,10.000000
100000.000000,136637.125000,483414.187500,282.279053,985.619568,10.000000
100000.000000,152981.421875,182762.906250,310.651794,372.179504,10.000000
100000.000000,255301.671875,325298.531250,517.661926,663.198059,10.000000
100000.000000,163601.671875,163662.265625,332.228577,333.249115,10.000000
100000.000000,134843.593750,172906.937500,273.856323,352.131195,10.000000
100000.000000,250416.421875,382954.531250,507.433716,781.890991,10.000000
100000.000000,136423.640625,167914.859375,277.070801,341.960571,10.000000
100000.000000,159944.718750,254220.234375,324.763306,517.832336,10.000000
100000.000000,213935.734375,294944.687500,434.133942,601.088257,10.000000
100000.000000,234981.796875,334229.656250,476.605835,681.589600,10.000000
100000.000000,190651.343750,230797.890625,386.991699,470.051086,10.000000
100000.000000,-196836.218750,-38451.601562,-406.745178,-87.547752,10.000000
100000.000000,188577.765625,236992.015625,382.783630,482.684143,10.000000
100000.000000,188950.859375,291585.562500,383.569275,594.188293,10.000000
100000.000000,211065.218750,566653.375000,628.146423,1051.670166,10.000000
100000.000000,136934.390625,182293.937500,278.072906,371.227509,10.000000
100000.000000,218819.640625,181925.031250,444.117798,370.360382,10.000000
100000.000000,115752.703125,152321.640625,235.121521,310.249176,10.000000
100000.000000,154564.062500,271134.281250,313.872131,552.322266,10.000000
100000.000000,198006.187500,263901.562500,401.873901,537.603882,10.000000
100000.000000,224633.921875,379162.093750,455.656738,774.158508,10.000000
100000.000000,119822.375000,153130.468750,243.382141,311.880127,10.000000
100000.000000,154854.500000,251906.109375,314.424652,513.079407,10.000000
100000.000000,144840.484375,215796.500000,294.086792,439.455933,10.000000
100000.000000,-13841570.000000,646193.562500,-28105.726562,1311.012085,10.000000
100000.000000,-1546136.500000,-491526.875000,-3140.466309,-999.138062,10.000000
100000.000000,404853.937500,3273793.000000,821.112549,6646.277832,10.000000
100000.000000,32533038.000000,57260260.000000,66056.062500,116262.015625,10.000000
100000.000000,10602.009766,156059.343750,20.940586,316.737549,10.000000
100000.000000,-79552.742188,-72542.625000,-162.140228,-147.702866,10.000000
100000.000000,-16056.099609,-29134.531250,-33.240139,-59.586262,10.000000
100000.000000,-143401.703125,-125210.906250,-291.699402,-254.594818,10.000000
100000.000000,-3614.640869,35090.566406,-7.991429,70.872856,10.000000
100000.000000,-8277.952148,278763.250000,-17.052389,566.195679,10.000000
100000.000000,-53213.187500,-42390.890625,-108.681442,-86.490730,10.000000
100000.000000,-46774.261719,79687.898438,-95.652298,161.488831,10.000000
100000.000000,-121931.531250,-126181.859375,-248.127441,-256.575653,10.000000
100000.000000,87570.203125,142412.328125,177.215317,289.081604,10.000000
100000.000000,-88849.296875,29438.138672,-181.068451,59.420059,10.000000
100000.000000,-63386.078125,48867.761719,-129.378754,98.876823,10.000000
100000.000000,-112382.648438,-134773.703125,-228.742813,-274.019531,10.000000
100000.000000,72279.523438,416685.531250,148.390335,847.918945,10.000000
100000.000000,-9487.139648,148853.921875,-19.871468,302.062134,10.000000
100000.000000,-52304.554688,60079.484375,-106.878815,121.648811,10.000000
100000.000000,-2336.555664,47568.738281,-5.394672,96.223808,10.000000
100000.000000,-172587.703125,-105866.664062,-350.925140,-215.312500,10.000000
100000.000000,-58290.003906,-994.977051,-119.007271,-2.415864,10.000000
100000.000000,129.405060,156370.375000,-0.323170,317.353760,10.000000
100000.000000,45297.085938,104345.539062,91.358940,211.630157,10.000000
100000.000000,66306.468750,191936.359375,134.132797,389.810974,10.000000
100000.000000,-34188.515625,179182.359375,-70.025803,363.671021,10.000000
100000.000000,-41628.746094,173413.062500,-85.158928,351.934265,10.000000
100000.000000,-42134.523438,145425.109375,-86.213066,295.058807,10.000000
100000.000000,-194253.046875,-182199.328125,-394.855133,-370.245483,10.000000
100000.000000,-40321.000000,144843.703125,-82.524895,293.879028,10.000000
100000.000000,30398.703125,83043.343750,61.095470,168.317673,10.000000
100000.000000,-160316.187500,-98395.382812,-326.032593,-200.149918,10.000000
100000.000000,-22731.396484,75899.632812,-46.812160,153.786453,10.000000
100000.000000,60849.238281,78217.453125,122.931961,158.517944,10.000000
100000.000000,-33092.578125,214012.265625,-67.723076,434.457062,10.000000
100000.000000,-18510.324219,191183.656250,-38.134705,388.086578,10.000000
100000.000000,-70021.109375,-20870.384766,-142.816284,-42.780338,10.000000
100000.000000,-7079.801270,134160.890625,-14.990844,272.192383,10.000000
100000.000000,36385.476562,37491.789062,73.248962,75.744110,10.000000
100000.000000,-14613.681641,259666.093750,-30.005129,527.321533,10.000000
100000.000000,-42735.156250,90373.000000,-87.445824,183.189423,10.000000
100000.000000,12611.299805,25072.142578,24.967503,50.510681,10.000000
100000.000000,-80605.429688,-97952.242188,-164.263519,-199.290131,10.000000
100000.000000,-34660.742188,144523.406250,-71.019363,293.226990,10.000000
100000.000000,7385.599121,163114.390625,14.430886,331.065582,10.000000
100000.000000,-42773.171875,135829.343750,-87.512413,275.552155,10.000000
100000.000000,-105240.148438,-12071.752930,-214.315262,-24.891798,10.000000
100000.000000,-2180.018066,190273.453125,-4.950806,386.264801,10.000000
100000.000000,-171255.968750,-156713.343750,-348.202911,-318.526886,10.000000
100000.000000,59253.910156,171177.265625,119.781914,347.550385,10.000000
100000.000000,-158488.500000,-41879.375000,-322.350677,-85.399414,10.000000
100000.000000,28615.236328,424750.812500,59.550007,863.385132,10.000000
100000.000000,-68208.671875,-96774.320312,-139.099060,-196.905411,10.000000
100000.000000,-33767.222656,253367.906250,-68.960281,514.432434,10.000000
100000.000000,21877.826172,144518.937500,43.844261,293.274017,10.000000
100000.000000,-4060.087402,99450.117188,-8.878020,201.639648,10.000000
100000.000000,-117050.140625,21445.423828,-238.306427,43.194626,10.000000
100000.000000,33634.164062,248923.625000,67.988342,505.665588,10.000000
100000.000000,19633.328125,446952.406250,41.604805,908.255432,10.000000
100000.000000,54420.187500,283355.718750,110.373901,575.864319,10.000000
100000.000000,-19163.978516,-21352.496094,-39.550564,-43.788025,10.000000
100000.000000,-234329.515625,-234326.390625,-476.150726,-476.017456,10.000000
100000.000000,-17868.085938,214609.343750,-36.764702,435.691315,10.000000
100000.000000,-78208.812500,-54943.867188,-159.421951,-111.973984,10.000000
100000.000000,-88849.468750,21676.466797,-181.068192,43.641464,10.000000
100000.000000,-48906.726562,123550.960938,-99.977936,250.590195,10.000000
100000.000000,-15729.902344,37501.828125,-32.588562,75.760101,10.000000
100000.000000,-37701.515625,260637.468750,-76.923363,529.180481,10.000000
100000.000000,73946.609375,253356.359375,149.857285,514.859619,10.000000
100000.000000,-40193.289062,71278.765625,-82.279762,144.382141,10.000000
100000.000000,-6179.708496,-18074.076172,-13.181604,-37.134132,10.000000
100000.000000,-114676.562500,-80011.203125,-233.429520,-162.851273,10.000000
100000.000000,-22093.673828,52102.250000,-45.514091,105.421371,10.000000
100000.000000,-67686.921875,141548.906250,-138.156113,287.148834,10.000000
100000.000000,-89035.796875,98248.929688,-181.525024,199.204315,10.000000
100000.000000,-62528.832031,38825.675781,-127.634216,78.458717,10.000000
100000.000000,-128649.101562,-170615.078125,-261.742188,-346.760254,10.000000
100000.000000,-111300.171875,35919.472656,-226.651169,72.590019,10.000000
100000.000000,-2743.521484,208989.734375,-6.036343,424.302246,10.000000
100000.000000,7805.087891,46588.019531,15.213389,94.217934,10.000000
100000.000000,23443.876953,154581.265625,47.047577,313.725311,10.000000
100000.000000,-79634.851562,106245.046875,-162.427399,215.433823,10.000000
100000.000000,-179606.703125,-149306.640625,-365.154755,-303.490051,10.000000
100000.000000,-44044.597656,126895.484375,-90.089401,257.381226,10.000000
100000.000000,17198.554688,174111.953125,34.398087,353.426575,10.000000
100000.000000,-95880.164062,-106075.062500,-195.266006,-215.774551,10.000000
100000.000000,-44752.718750,-52450.902344,-91.495804,-106.928314,10.000000
100000.000000,-50208.285156,70833.187500,-102.617088,143.476654,10.000000
100000.000000,-83386.539062,100177.546875,-170.041565,203.109070,10.000000
100000.000000,-73223.101562,36390.769531,-149.347565,73.516899,10.000000
100000.000000,-16985.302734,251108.593750,-34.831535,509.887207,10.000000
100000.000000,-200802.390625,-165518.625000,-408.153198,-336.386292,10.000000
100000.000000,-126334.007812,-2880.786133,-257.131042,-6.216545,10.000000
100000.000000,-198194.453125,-110390.218750,-402.881348,-224.486984,10.000000
100000.000000,-158498.609375,-37935.820312,-322.373627,-77.392952,10.000000
100000.000000,-73932.140625,122006.781250,-150.833069,247.444214,10.000000
100000.000000,-48977.933594,118686.984375,-100.108765,240.698502,10.000000
100000.000000,-18851.500000,180082.734375,-38.818607,365.495331,10.000000
100000.000000,-42916.367188,234712.437500,-87.595146,476.463867,10.000000
