Mass,x_pos,y_pos,x_vel,y_vel,radius
47 
100000.000000,13701.434570,14215.333984,578.583374,626.225220,10.000000
100000.000000,18482.847656,17902.607422,765.015564,784.621460,10.000000
100000.000000,-22761.193359,3889.042725,-1084.655518,85.803802,10.000000
100000.000000,13371.692383,24026.498047,515.902527,1121.688843,10.000000
100000.000000,11605.487305,26683.966797,303.370300,1400.322998,10.000000
100000.000000,14594.354492,24564.267578,548.247559,1119.369995,10.000000
100000.000000,11834.767578,12442.512695,502.364685,546.462646,10.000000
100000.000000,5687.724121,4018.167236,207.930176,74.779739,10.000000
100000.000000,31534.597656,23283.466797,1314.860229,982.815491,10.000000
100000.000000,12342.371094,13093.738281,522.763489,575.506470,10.000000
100000.000000,-12834.053711,47098.300781,-633.813293,2048.628174,10.000000
100000.000000,-10891.668945,14441.748047,-672.504883,495.347229,10.000000
100000.000000,12067.322266,18647.310547,507.613312,836.760559,10.000000
100000.000000,8168.540527,24526.660156,197.377060,863.947205,10.000000
100000.000000,8042.932617,9369.521484,343.656708,410.701385,10.000000
100000.000000,-4997.001465,17825.015625,-359.164093,668.355652,10.000000
100000.000000,8420.976562,9543.361328,359.583588,418.006744,10.000000
100000.000000,14550.193359,20614.414062,595.358276,927.283691,10.000000
100000.000000,45915.746094,39538.285156,1936.071655,1668.006104,10.000000
100000.000000,10520.346680,27247.423828,-24.186670,734.442993,10.000000
100000.000000,131068.445312,136769.015625,5562.725098,5805.793945,10.000000
100000.000000,148911.562500,125835.890625,6321.556641,5339.752930,10.000000
100000.000000,149833.656250,129101.625000,6360.111816,5478.133789,10.000000
100000.000000,56136.437500,49703.269531,2371.138428,2098.919189,10.000000
100000.000000,13293.480469,26618.359375,410.608276,1221.598389,10.000000
100000.000000,1606.583374,34763.183594,-407.340698,1824.901123,10.000000
100000.000000,11834.764648,16323.455078,497.729034,721.880249,10.000000
100000.000000,26221.771484,30406.978516,1075.062500,1274.592163,10.000000
100000.000000,14348.712891,20381.931641,587.425720,914.203918,10.000000
100000.000000,12239.077148,25029.664062,465.582733,1214.553955,10.000000
100000.000000,13483.751953,17864.716797,561.780212,793.294189,10.000000
100000.000000,18979.507812,-5664.160645,827.708679,-422.146423,10.000000
100000.000000,4192.288086,23054.664062,101.492821,916.570251,10.000000
100000.000000,3471.042236,20889.765625,-288.820129,513.699951,10.000000
100000.000000,11071.000977,11620.195312,467.638611,506.570709,10.000000
100000.000000,3798.251221,25599.095703,-283.469086,965.004761,10.000000
100000.000000,4858.302246,28348.425781,-166.925156,1237.298584,10.000000
100000.000000,11395.788086,16680.123047,479.335541,737.946045,10.000000
100000.000000,8995.714844,25294.720703,188.268082,811.712646,10.000000
100000.000000,13609.535156,19063.359375,563.688843,850.584167,10.000000
100000.000000,3737.378662,48138.007812,-43.510983,2542.133545,10.000000
100000.000000,3840.137207,53781.644531,111.550308,2374.716553,10.000000
100000.000000,10357.048828,13501.048828,436.679413,591.003906,10.000000
100000.000000,13107.940430,21818.117188,534.422913,994.410339,10.000000
100000.000000,11123.649414,18381.734375,468.269775,819.048523,10.000000
100000.000000,6960.294434,9384.937500,294.374786,409.333374,10.000000
100000.000000,8867.739258,11815.583984,374.387573,515.578735,10.000000
100000.000000,6944.120117,10353.089844,292.907745,451.789551,10.000000
100000.000000,6374.704590,8416.100586,270.055145,367.395599,10.000000
100000.000000,10092.233398,11024.634766,426.305573,479.714172,10.000000
100000.000000,6960.707520,8652.708984,295.027130,377.058136,10.000000
100000.000000,166410.015625,142576.390625,7062.910156,6049.045898,10.000000
100000.000000,12102.626953,9943.858398,510.245697,429.916992,10.000000
100000.000000,9893.142578,8145.424316,419.292480,351.400513,10.000000
100000.000000,11618.581055,17950.777344,487.217560,796.975586,10.000000
100000.000000,5085.129395,26668.130859,256.321899,1109.192017,10.000000
100000.000000,12419.238281,20227.832031,515.883972,910.275879,10.000000
100000.000000,8824.789062,14247.902344,371.812958,623.516846,10.000000
100000.000000,9934.314453,11885.726562,418.577850,517.417175,10.000000
100000.000000,8522.084961,12392.948242,358.906036,540.371704,10.000000
100000.000000,7562.746582,9201.395508,319.653168,399.860931,10.000000
100000.000000,9888.202148,9719.839844,417.675110,421.014496,10.000000
100000.000000,9038.464844,14186.655273,380.676514,620.617493,10.000000
100000.000000,6813.404785,10228.888672,286.676239,445.431122,10.000000
100000.000000,7358.315918,7271.494141,312.976074,314.987793,10.000000
100000.000000,9892.130859,8068.419922,418.932800,347.690430,10.000000
100000.000000,-9099.207031,8685.612305,-444.192108,317.250610,10.000000
100000.000000,611.856018,36542.156250,-16.033449,1544.518066,10.000000
100000.000000,8527.313477,14770.771484,359.255341,646.517090,10.000000
100000.000000,7241.549805,12301.666016,304.183014,536.073547,10.000000
100000.000000,12975.124023,11013.991211,544.999756,476.575623,10.000000
100000.000000,10814.808594,11341.331055,455.220734,492.307312,10.000000
100000.000000,6406.657227,9906.342773,269.139313,431.282196,10.000000
100000.000000,7276.218262,10423.096680,306.199738,453.320648,10.000000
100000.000000,6151.741211,23203.646484,247.553192,951.095398,10.000000
100000.000000,7325.314453,8465.534180,309.828857,367.302673,10.000000
100000.000000,12411.083984,14883.643555,519.471741,651.457703,10.000000
100000.000000,7816.091797,7603.233398,331.617523,328.739227,10.000000
100000.000000,6452.878906,7994.495117,272.902405,347.596222,10.000000
100000.000000,12224.862305,17278.693359,510.705109,763.195740,10.000000
100000.000000,6522.695312,7767.500000,276.164062,337.517853,10.000000
100000.000000,7695.925293,11736.191406,323.452789,510.655518,10.000000
100000.000000,10328.125977,13553.802734,433.998596,591.308594,10.000000
100000.000000,11389.897461,15256.666992,477.553406,668.703674,10.000000
100000.000000,9174.702148,10685.325195,386.465912,463.540771,10.000000
100000.000000,-6029.587402,2673.081543,-407.698517,-88.952057,10.000000
100000.000000,9078.751953,10966.686523,382.190094,475.952026,10.000000
100000.000000,9101.232422,13412.529297,382.599640,584.773560,10.000000
100000.000000,11229.202148,27367.267578,332.559326,1618.305664,10.000000
100000.000000,6568.301270,8436.948242,277.076477,366.476074,10.000000
100000.000000,10523.985352,8489.501953,444.121552,365.284210,10.000000
100000.000000,5529.967773,7024.261230,234.136139,306.241058,10.000000
100000.000000,7440.135254,12511.738281,312.220612,544.477051,10.000000
100000.000000,9548.178711,12184.545898,401.358551,529.658569,10.000000
100000.000000,10869.747070,17127.113281,456.343170,755.345764,10.000000
100000.000000,5724.217285,7070.285645,242.423676,307.831360,10.000000
100000.000000,7458.361816,11642.879883,313.039825,506.062653,10.000000
100000.000000,6971.415039,9989.839844,292.917053,433.782135,10.000000
100000.000000,-659906.187500,31333.326172,-28105.726562,1311.012085,10.000000
100000.000000,-73243.500000,-22931.681641,-3140.605469,-999.227234,10.000000
100000.000000,19748.261719,156654.328125,821.117432,6646.357422,10.000000
100000.000000,1552772.875000,2732686.500000,66056.062500,116262.015625,10.000000
100000.000000,863.172852,7677.187500,19.339725,313.509705,10.000000
100000.000000,-3476.217041,-3197.799805,-162.786041,-149.104813,10.000000
100000.000000,-431.942932,-1098.553223,-33.917450,-61.331024,10.000000
100000.000000,-6565.855957,-5748.309570,-292.278137,-255.713135,10.000000
100000.000000,178.193405,1961.578247,-8.869752,68.736664,10.000000
100000.000000,-101.011436,13452.363281,-20.492994,561.718567,10.000000
100000.000000,-2206.027588,-1745.218994,-109.377045,-88.070366,10.000000
100000.000000,-1852.849243,4063.445801,-96.829491,159.290314,10.000000
100000.000000,-5531.138672,-5788.246582,-248.690781,-257.733948,10.000000
100000.000000,4512.628906,7024.842285,176.102814,285.388306,10.000000
100000.000000,-3877.739258,1660.381836,-182.052780,57.674225,10.000000
100000.000000,-2653.819336,2595.169922,-130.421631,96.930664,10.000000
100000.000000,-5074.341309,-6198.832520,-229.282669,-275.175659,10.000000
100000.000000,3288.618896,19662.427734,137.419662,836.227051,10.000000
100000.000000,-85.548767,7341.060059,-21.462606,299.086792,10.000000
100000.000000,-2122.826416,3132.614746,-107.960915,119.591095,10.000000
100000.000000,241.040665,2554.619629,-6.324109,94.002319,10.000000
100000.000000,-7970.681641,-4828.376953,-351.557495,-216.411972,10.000000
100000.000000,-2432.900391,227.647461,-119.841042,-4.150313,10.000000
100000.000000,365.059143,7694.292969,-1.957373,314.219330,10.000000
100000.000000,2504.794189,5243.324707,90.279053,208.689087,10.000000
100000.000000,3485.712402,9339.393555,132.426849,385.505341,10.000000
100000.000000,-1247.076782,8777.378906,-71.949371,360.658295,10.000000
100000.000000,-1592.542480,8505.748047,-87.030975,349.044067,10.000000
100000.000000,-1617.152832,7180.802734,-87.831810,292.389465,10.000000
100000.000000,-9039.931641,-8506.964844,-395.358246,-371.167145,10.000000
100000.000000,-1533.796631,7153.446777,-84.136520,291.198669,10.000000
100000.000000,1796.617798,4239.685547,60.082809,165.664444,10.000000
100000.000000,-7374.289551,-4466.095215,-326.675751,-201.291580,10.000000
100000.000000,-719.357666,3893.223877,-47.926662,151.479233,10.000000
100000.000000,3238.570312,4015.513672,122.057014,155.752502,10.000000
100000.000000,-1209.839355,10425.870117,-70.052429,431.117889,10.000000
100000.000000,-520.007446,9342.504883,-40.169704,384.791901,10.000000
100000.000000,-3000.391113,-723.145691,-143.597427,-44.392761,10.000000
100000.000000,26.094059,6651.032715,-16.453598,269.331635,10.000000
100000.000000,2071.491455,2087.442627,72.465866,73.428246,10.000000
100000.000000,-382.826202,12567.660156,-33.051701,523.210571,10.000000
100000.000000,-1659.808350,4575.528809,-88.677711,180.902588,10.000000
100000.000000,942.288025,1493.051514,24.168161,48.372902,10.000000
100000.000000,-3535.915527,-4416.925781,-164.850540,-200.610489,10.000000
100000.000000,-1270.131226,7141.376465,-72.620346,290.503021,10.000000
100000.000000,703.795471,8014.851562,12.754472,327.792023,10.000000
100000.000000,-1650.408325,6729.629395,-89.054329,272.958801,10.000000
100000.000000,-4683.099121,-318.526123,-215.158844,-26.420301,10.000000
100000.000000,244.757751,9296.315430,-6.943026,382.791382,10.000000
100000.000000,-7920.100098,-7272.394531,-348.737701,-319.529877,10.000000
100000.000000,3154.501953,8378.567383,118.252991,343.662262,10.000000
100000.000000,-7266.846680,-1761.024902,-323.133270,-86.677246,10.000000
100000.000000,1241.570923,20255.484375,49.334480,855.475708,10.000000
100000.000000,-2941.923096,-4355.966309,-139.675674,-198.256668,10.000000
100000.000000,-1273.476562,12292.460938,-71.873993,510.727386,10.000000
100000.000000,1389.776123,7139.677246,42.384933,290.073975,10.000000
100000.000000,165.739517,5015.112793,-10.087760,199.051636,10.000000
100000.000000,-5234.358398,1269.939697,-239.277908,41.593204,10.000000
100000.000000,1890.727783,12021.514648,65.231445,500.805298,10.000000
100000.000000,744.153137,21371.630859,30.185520,901.119934,10.000000
100000.000000,2833.516846,13596.121094,106.949539,569.784546,10.000000
100000.000000,-578.776855,-724.488159,-40.255859,-45.559227,10.000000
100000.000000,-10992.402344,-11032.915039,-476.593933,-476.807465,10.000000
100000.000000,-504.987915,10454.737305,-39.091198,432.146271,10.000000
100000.000000,-3404.879639,-2352.520508,-160.111298,-113.437309,10.000000
100000.000000,-3879.668701,1297.207886,-182.020248,41.927662,10.000000
100000.000000,-1942.033203,6151.740234,-101.434898,248.128143,10.000000
100000.000000,-399.136414,2078.805176,-33.501900,73.661789,10.000000
100000.000000,-1466.877441,12645.288086,-79.953766,525.473633,10.000000
100000.000000,3796.880615,12189.376953,147.280807,509.115234,10.000000
100000.000000,-1546.571899,3676.614502,-83.400002,142.198807,10.000000
100000.000000,37.727085,-563.850647,-13.872988,-38.961391,10.000000
100000.000000,-5164.106934,-3567.136230,-234.087402,-164.143936,10.000000
100000.000000,-696.755493,2771.209717,-46.505779,103.263588,10.000000
100000.000000,-2808.741211,7002.078613,-139.763794,284.710327,10.000000
100000.000000,-3832.196289,4928.402832,-182.848618,197.149567,10.000000
100000.000000,-2617.298340,2126.757324,-128.629501,76.558487,10.000000
100000.000000,-5866.660156,-7930.295410,-262.229645,-347.807251,10.000000
100000.000000,-4947.880859,1961.468750,-227.677139,70.913147,10.000000
100000.000000,202.716293,10184.068359,-8.263063,420.619354,10.000000
100000.000000,715.947998,2516.584229,14.314156,91.958778,10.000000
100000.000000,1457.720215,7616.979004,45.506916,310.398926,10.000000
100000.000000,-3385.838135,5318.003418,-163.794586,213.280823,10.000000
100000.000000,-8321.215820,-6917.766113,-365.705780,-304.491608,10.000000
100000.000000,-1716.671021,6314.330078,-91.564354,254.861252,10.000000
100000.000000,1156.185669,8536.943359,32.644192,349.929260,10.000000
100000.000000,-4270.697754,-4811.509766,-195.849136,-217.037827,10.000000
100000.000000,-1807.616211,-2220.850098,-92.151070,-108.491348,10.000000
100000.000000,-2022.682007,3652.838379,-103.749916,141.348969,10.000000
100000.000000,-3568.287354,5027.907715,-171.373749,201.010727,10.000000
100000.000000,-3127.999268,2006.576660,-150.344482,71.674828,10.000000
100000.000000,-499.158020,12178.846680,-37.720345,505.921936,10.000000
100000.000000,-9351.847656,-7704.452148,-408.684448,-337.324036,10.000000
100000.000000,-5693.493652,111.620392,-258.019440,-7.703347,10.000000
100000.000000,-9211.443359,-5052.303223,-403.512543,-225.524124,10.000000
100000.000000,-7264.707031,-1571.993164,-323.166809,-78.680489,10.000000
100000.000000,-3115.737549,6073.418457,-152.300552,245.167236,10.000000
100000.000000,-1953.689575,5925.221191,-101.530937,238.269241,10.000000
100000.000000,-546.896484,8830.832031,-40.729313,362.314484,10.000000
100000.000000,-1698.867676,11427.515625,-90.204781,473.072021,10.000000
